BonesCount: 211
BoneName: mixamorig:Hips
BoneIndex: 0
BoneParentIndex: 52
ChildIndicesCount: 3
54
185
198
1.000000 0.000000 -0.000000 0.000000
0.000000 1.000000 -0.000000 0.000000
-0.000000 -0.000000 1.000000 -0.000000
0.000010 0.697715 0.008545 1.000000
1.000000 0.000000 -0.000000 0.000000
0.000000 1.000000 -0.000000 0.000000
-0.000000 0.000000 1.000000 -0.000000
-0.000010 -0.697715 -0.008545 1.000000
BoneName: mixamorig:Spine
BoneIndex: 1
BoneParentIndex: 56
ChildIndicesCount: 1
2
1.000000 0.000000 -0.000000 0.000000
0.000000 1.000000 -0.000000 0.000000
-0.000000 -0.000000 1.000000 -0.000000
0.000000 0.000000 -0.000000 1.000000
1.000000 0.000000 -0.000000 0.000000
0.000000 0.999144 -0.041365 0.000000
-0.000000 0.041365 0.999144 -0.000000
-0.000010 -0.737175 0.019222 1.000000
BoneName: mixamorig:Spine1
BoneIndex: 2
BoneParentIndex: 1
ChildIndicesCount: 1
3
1.000000 0.000000 -0.000000 0.000000
0.000000 1.000000 -0.000000 0.000000
-0.000000 -0.000000 1.000000 -0.000000
0.000000 0.141233 -0.002644 1.000000
1.000000 0.000000 -0.000000 0.000000
0.000000 0.999144 -0.041365 0.000000
-0.000000 0.041365 0.999144 -0.000000
-0.000010 -0.878408 0.021866 1.000000
BoneName: mixamorig:Spine2
BoneIndex: 3
BoneParentIndex: 2
ChildIndicesCount: 3
57
61
123
1.000000 0.000000 -0.000000 0.000000
0.000000 1.000000 -0.000000 0.000000
-0.000000 -0.000000 1.000000 -0.000000
0.000000 0.114045 -0.001061 1.000000
1.000000 0.000000 -0.000000 0.000000
0.000000 0.999144 -0.041365 0.000000
-0.000000 0.041365 0.999144 -0.000000
-0.000010 -0.992454 0.022927 1.000000
BoneName: mixamorig:Neck
BoneIndex: 4
BoneParentIndex: 59
ChildIndicesCount: 1
5
1.000000 0.000000 -0.000000 0.000000
0.000000 1.000000 -0.000000 0.000000
-0.000000 -0.000000 1.000000 -0.000000
0.000000 0.000000 -0.000000 1.000000
1.000000 0.000000 -0.000000 0.000000
0.000000 1.000000 -0.000000 0.000000
-0.000000 0.000000 1.000000 -0.000000
-0.000010 -1.091934 -0.022260 1.000000
BoneName: mixamorig:Head
BoneIndex: 5
BoneParentIndex: 4
ChildIndicesCount: 1
60
1.000000 0.000000 -0.000000 0.000000
0.000000 1.000000 -0.000000 0.000000
-0.000000 -0.000000 1.000000 -0.000000
0.000000 0.085791 -0.001142 1.000000
1.000000 0.000000 -0.000000 0.000000
0.000000 1.000000 -0.000000 0.000000
-0.000000 0.000000 1.000000 -0.000000
-0.000010 -1.177725 -0.021118 1.000000
BoneName: mixamorig:LeftShoulder
BoneIndex: 6
BoneParentIndex: 63
ChildIndicesCount: 1
64
1.000000 0.000000 -0.000000 0.000000
0.000000 1.000000 -0.000000 0.000000
-0.000000 -0.000000 1.000000 -0.000000
0.000000 0.000000 -0.000000 1.000000
-0.013144 0.971719 0.235776 0.000000
-0.041484 -0.236123 0.970837 0.000000
0.999053 0.002980 0.043414 -0.000000
0.023046 0.214230 -1.060833 1.000000
BoneName: mixamorig:LeftArm
BoneIndex: 7
BoneParentIndex: 66
ChildIndicesCount: 1
67
1.000000 0.000000 -0.000000 0.000000
0.000000 1.000000 -0.000000 0.000000
-0.000000 -0.000000 1.000000 -0.000000
0.000000 0.000000 -0.000000 1.000000
0.020607 0.999770 0.005851 0.000000
-0.049658 -0.004822 0.998755 0.000000
0.998554 -0.020872 0.049547 -0.000000
0.027395 -0.122739 -1.061066 1.000000
BoneName: mixamorig:LeftForeArm
BoneIndex: 8
BoneParentIndex: 69
ChildIndicesCount: 1
70
1.000000 0.000000 -0.000000 0.000000
0.000000 1.000000 -0.000000 0.000000
-0.000000 -0.000000 1.000000 -0.000000
0.000000 0.000000 -0.000000 1.000000
0.043532 0.998869 -0.019099 0.000000
-0.049756 0.021261 0.998535 0.000000
0.997812 -0.042518 0.050625 -0.000000
0.020220 -0.339437 -1.052918 1.000000
BoneName: mixamorig:LeftHand
BoneIndex: 9
BoneParentIndex: 72
ChildIndicesCount: 5
73
83
93
103
113
1.000000 0.000000 -0.000000 0.000000
0.000000 1.000000 -0.000000 0.000000
-0.000000 -0.000000 1.000000 -0.000000
0.000000 0.000000 -0.000000 1.000000
-0.003250 0.998929 -0.046153 0.000000
-0.000681 0.046151 0.998934 0.000000
0.999995 0.003278 0.000530 -0.000000
-0.007833 -0.565375 -1.038849 1.000000
BoneName: mixamorig:LeftHandThumb1
BoneIndex: 10
BoneParentIndex: 75
ChildIndicesCount: 1
76
1.000000 0.000000 -0.000000 0.000000
0.000000 1.000000 -0.000000 0.000000
-0.000000 -0.000000 1.000000 -0.000000
0.000000 0.000000 -0.000000 1.000000
0.589745 0.763915 0.261981 0.000000
0.026819 -0.342745 0.939046 0.000000
0.807144 -0.546772 -0.222620 -0.000000
-0.337450 -0.056573 -1.132096 1.000000
BoneName: mixamorig:LeftHandThumb2
BoneIndex: 11
BoneParentIndex: 78
ChildIndicesCount: 1
79
1.000000 0.000000 -0.000000 0.000000
0.000000 1.000000 -0.000000 0.000000
-0.000000 -0.000000 1.000000 -0.000000
0.000000 0.000000 -0.000000 1.000000
0.589745 0.771205 0.239673 0.000000
0.026819 -0.315314 0.948608 0.000000
0.807144 -0.553009 -0.206638 -0.000000
-0.334153 -0.115036 -1.129230 1.000000
BoneName: mixamorig:LeftHandThumb3
BoneIndex: 12
BoneParentIndex: 81
ChildIndicesCount: 1
82
1.000000 0.000000 -0.000000 0.000000
0.000000 1.000000 -0.000000 0.000000
-0.000000 -0.000000 1.000000 -0.000000
0.000000 0.000000 -0.000000 1.000000
0.589745 0.748870 0.302314 0.000000
0.026819 -0.392296 0.919448 0.000000
0.807144 -0.534133 -0.251438 -0.000000
-0.334922 -0.048913 -1.137110 1.000000
BoneName: mixamorig:LeftHandIndex1
BoneIndex: 13
BoneParentIndex: 85
ChildIndicesCount: 1
86
1.000000 0.000000 -0.000000 0.000000
0.000000 1.000000 -0.000000 0.000000
-0.000000 -0.000000 1.000000 -0.000000
0.000000 0.000000 -0.000000 1.000000
0.068654 0.997318 0.025389 0.000000
0.002643 -0.025631 0.999668 0.000000
0.997637 -0.068564 -0.004395 -0.000000
-0.027707 -0.558386 -1.081352 1.000000
BoneName: mixamorig:LeftHandIndex2
BoneIndex: 14
BoneParentIndex: 88
ChildIndicesCount: 1
89
1.000000 0.000000 -0.000000 0.000000
0.000000 1.000000 -0.000000 0.000000
-0.000000 -0.000000 1.000000 -0.000000
0.000000 0.000000 -0.000000 1.000000
0.068654 0.997637 0.002625 0.000000
0.002643 -0.002813 0.999993 0.000000
0.997637 -0.068646 -0.002830 -0.000000
-0.027717 -0.611358 -1.067679 1.000000
BoneName: mixamorig:LeftHandIndex3
BoneIndex: 15
BoneParentIndex: 91
ChildIndicesCount: 1
92
1.000000 0.000000 -0.000000 0.000000
0.000000 1.000000 -0.000000 0.000000
-0.000000 -0.000000 1.000000 -0.000000
0.000000 0.000000 -0.000000 1.000000
0.068654 0.997512 0.016040 0.000000
0.002643 -0.016259 0.999864 0.000000
0.997637 -0.068602 -0.003752 -0.000000
-0.027704 -0.623598 -1.076162 1.000000
BoneName: mixamorig:LeftHandMiddle1
BoneIndex: 16
BoneParentIndex: 95
ChildIndicesCount: 1
96
1.000000 0.000000 -0.000000 0.000000
0.000000 1.000000 -0.000000 0.000000
-0.000000 -0.000000 1.000000 -0.000000
0.000000 0.000000 -0.000000 1.000000
-0.006423 0.998727 -0.050035 0.000000
-0.000827 0.050030 0.998747 0.000000
0.999979 0.006456 0.000505 -0.000000
0.002330 -0.637679 -1.037479 1.000000
BoneName: mixamorig:LeftHandMiddle2
BoneIndex: 17
BoneParentIndex: 98
ChildIndicesCount: 1
99
1.000000 0.000000 -0.000000 0.000000
0.000000 1.000000 -0.000000 0.000000
-0.000000 -0.000000 1.000000 -0.000000
0.000000 0.000000 -0.000000 1.000000
-0.006423 0.999456 0.032359 0.000000
-0.000827 -0.032365 0.999476 0.000000
0.999979 0.006392 0.001035 -0.000000
0.002447 -0.582557 -1.089138 1.000000
BoneName: mixamorig:LeftHandMiddle3
BoneIndex: 18
BoneParentIndex: 101
ChildIndicesCount: 1
102
1.000000 0.000000 -0.000000 0.000000
0.000000 1.000000 -0.000000 0.000000
-0.000000 -0.000000 1.000000 -0.000000
0.000000 0.000000 -0.000000 1.000000
-0.006423 0.988962 0.148028 0.000000
-0.000827 -0.148037 0.988982 0.000000
0.999979 0.006229 0.001769 -0.000000
0.002454 -0.483907 -1.153024 1.000000
BoneName: mixamorig:LeftHandRing1
BoneIndex: 19
BoneParentIndex: 105
ChildIndicesCount: 1
106
1.000000 0.000000 -0.000000 0.000000
0.000000 1.000000 -0.000000 0.000000
-0.000000 -0.000000 1.000000 -0.000000
0.000000 0.000000 -0.000000 1.000000
-0.092652 0.991863 -0.087312 0.000000
-0.004809 0.087243 0.996176 0.000000
0.995687 0.092717 -0.003313 -0.000000
0.039922 -0.674624 -1.012003 1.000000
BoneName: mixamorig:LeftHandRing2
BoneIndex: 20
BoneParentIndex: 108
ChildIndicesCount: 1
109
1.000000 0.000000 -0.000000 0.000000
0.000000 1.000000 -0.000000 0.000000
-0.000000 -0.000000 1.000000 -0.000000
0.000000 0.000000 -0.000000 1.000000
-0.092652 0.995183 -0.032030 0.000000
-0.004809 0.031721 0.999485 0.000000
0.995687 0.092758 0.001847 -0.000000
0.039962 -0.646848 -1.049592 1.000000
BoneName: mixamorig:LeftHandRing3
BoneIndex: 21
BoneParentIndex: 111
ChildIndicesCount: 1
112
1.000000 0.000000 -0.000000 0.000000
0.000000 1.000000 -0.000000 0.000000
-0.000000 -0.000000 1.000000 -0.000000
0.000000 0.000000 -0.000000 1.000000
-0.092652 0.994949 -0.038637 0.000000
-0.004809 0.038356 0.999253 0.000000
0.995687 0.092768 0.001231 -0.000000
0.039937 -0.681372 -1.045091 1.000000
BoneName: mixamorig:LeftHandPinky1
BoneIndex: 22
BoneParentIndex: 115
ChildIndicesCount: 1
116
1.000000 0.000000 -0.000000 0.000000
0.000000 1.000000 -0.000000 0.000000
-0.000000 -0.000000 1.000000 -0.000000
0.000000 0.000000 -0.000000 1.000000
-0.083242 0.996028 -0.031604 0.000000
-0.004375 0.031349 0.999499 0.000000
0.996520 0.083338 0.001748 -0.000000
0.017649 -0.614661 -1.047066 1.000000
BoneName: mixamorig:LeftHandPinky2
BoneIndex: 23
BoneParentIndex: 118
ChildIndicesCount: 1
119
1.000000 0.000000 -0.000000 0.000000
0.000000 1.000000 -0.000000 0.000000
-0.000000 -0.000000 1.000000 -0.000000
0.000000 0.000000 -0.000000 1.000000
-0.083242 0.996368 -0.017931 0.000000
-0.004375 0.017628 0.999835 0.000000
0.996520 0.083306 0.002891 -0.000000
0.017617 -0.626467 -1.055764 1.000000
BoneName: mixamorig:LeftHandPinky3
BoneIndex: 24
BoneParentIndex: 121
ChildIndicesCount: 1
122
1.000000 0.000000 -0.000000 0.000000
0.000000 1.000000 -0.000000 0.000000
-0.000000 -0.000000 1.000000 -0.000000
0.000000 0.000000 -0.000000 1.000000
-0.083242 0.984331 -0.155443 0.000000
-0.004375 0.155622 0.987807 0.000000
0.996520 0.082907 -0.008648 -0.000000
0.017578 -0.787465 -0.956120 1.000000
BoneName: mixamorig:RightShoulder
BoneIndex: 25
BoneParentIndex: 125
ChildIndicesCount: 1
126
1.000000 0.000000 -0.000000 0.000000
0.000000 1.000000 -0.000000 0.000000
-0.000000 -0.000000 1.000000 -0.000000
0.000000 0.000000 -0.000000 1.000000
-0.007005 -0.971719 -0.236037 0.000000
0.041436 -0.236122 0.970839 0.000000
-0.999117 -0.002980 0.041918 -0.000000
-0.022998 0.214381 -1.060797 1.000000
BoneName: mixamorig:RightArm
BoneIndex: 26
BoneParentIndex: 128
ChildIndicesCount: 1
129
1.000000 0.000000 -0.000000 0.000000
0.000000 1.000000 -0.000000 0.000000
-0.000000 -0.000000 1.000000 -0.000000
0.000000 0.000000 -0.000000 1.000000
0.016027 -0.999856 -0.005581 0.000000
0.047021 -0.004822 0.998882 0.000000
-0.998765 -0.016272 0.046937 -0.000000
-0.025972 -0.122847 -1.061071 1.000000
BoneName: mixamorig:RightForeArm
BoneIndex: 27
BoneParentIndex: 131
ChildIndicesCount: 1
132
1.000000 0.000000 -0.000000 0.000000
0.000000 1.000000 -0.000000 0.000000
-0.000000 -0.000000 1.000000 -0.000000
0.000000 0.000000 -0.000000 1.000000
0.046126 -0.998753 0.019084 0.000000
0.047144 0.021259 0.998662 0.000000
-0.997823 -0.045164 0.048066 -0.000000
-0.016549 -0.339325 -1.053014 1.000000
BoneName: mixamorig:RightHand
BoneIndex: 28
BoneParentIndex: 134
ChildIndicesCount: 5
135
145
155
165
175
1.000000 0.000000 -0.000000 0.000000
0.000000 1.000000 -0.000000 0.000000
-0.000000 -0.000000 1.000000 -0.000000
0.000000 0.000000 -0.000000 1.000000
-0.007004 -0.998980 0.044615 0.000000
0.003152 0.044593 0.999000 0.000000
-0.999971 0.007137 0.002837 -0.000000
0.002817 -0.563761 -1.039737 1.000000
BoneName: mixamorig:RightHandThumb1
BoneIndex: 29
BoneParentIndex: 137
ChildIndicesCount: 1
138
1.000000 0.000000 -0.000000 0.000000
0.000000 1.000000 -0.000000 0.000000
-0.000000 -0.000000 1.000000 -0.000000
0.000000 0.000000 -0.000000 1.000000
0.598643 -0.754738 -0.268322 0.000000
-0.024462 -0.352046 0.935663 0.000000
-0.800642 -0.553565 -0.229212 -0.000000
0.339797 -0.042170 -1.131805 1.000000
BoneName: mixamorig:RightHandThumb2
BoneIndex: 30
BoneParentIndex: 140
ChildIndicesCount: 1
141
1.000000 0.000000 -0.000000 0.000000
0.000000 1.000000 -0.000000 0.000000
-0.000000 -0.000000 1.000000 -0.000000
0.000000 0.000000 -0.000000 1.000000
0.598643 -0.768681 -0.225290 0.000000
-0.024462 -0.298668 0.954044 0.000000
-0.800642 -0.565621 -0.197599 -0.000000
0.337052 -0.131610 -1.126171 1.000000
BoneName: mixamorig:RightHandThumb3
BoneIndex: 31
BoneParentIndex: 143
ChildIndicesCount: 1
144
1.000000 0.000000 -0.000000 0.000000
0.000000 1.000000 -0.000000 0.000000
-0.000000 -0.000000 1.000000 -0.000000
0.000000 0.000000 -0.000000 1.000000
0.598643 -0.749733 -0.282006 0.000000
-0.024462 -0.369007 0.929105 0.000000
-0.800642 -0.549304 -0.239243 -0.000000
0.337819 -0.074457 -1.134888 1.000000
BoneName: mixamorig:RightHandIndex1
BoneIndex: 32
BoneParentIndex: 147
ChildIndicesCount: 1
148
1.000000 0.000000 -0.000000 0.000000
0.000000 1.000000 -0.000000 0.000000
-0.000000 -0.000000 1.000000 -0.000000
0.000000 0.000000 -0.000000 1.000000
0.072342 -0.997104 -0.023475 0.000000
-0.000399 -0.023565 0.999722 0.000000
-0.997380 -0.072312 -0.002102 -0.000000
0.027556 -0.561727 -1.080073 1.000000
BoneName: mixamorig:RightHandIndex2
BoneIndex: 33
BoneParentIndex: 150
ChildIndicesCount: 1
151
1.000000 0.000000 -0.000000 0.000000
0.000000 1.000000 -0.000000 0.000000
-0.000000 -0.000000 1.000000 -0.000000
0.000000 0.000000 -0.000000 1.000000
0.072342 -0.997380 0.000127 0.000000
-0.000399 0.000099 1.000000 0.000000
-0.997380 -0.072342 -0.000391 -0.000000
0.027571 -0.615284 -1.065812 1.000000
BoneName: mixamorig:RightHandIndex3
BoneIndex: 34
BoneParentIndex: 153
ChildIndicesCount: 1
154
1.000000 0.000000 -0.000000 0.000000
0.000000 1.000000 -0.000000 0.000000
-0.000000 -0.000000 1.000000 -0.000000
0.000000 0.000000 -0.000000 1.000000
0.072342 -0.997366 -0.005229 0.000000
-0.000399 -0.005272 0.999986 0.000000
-0.997380 -0.072339 -0.000779 -0.000000
0.027559 -0.635947 -1.069242 1.000000
BoneName: mixamorig:RightHandMiddle1
BoneIndex: 35
BoneParentIndex: 157
ChildIndicesCount: 1
158
1.000000 0.000000 -0.000000 0.000000
0.000000 1.000000 -0.000000 0.000000
-0.000000 -0.000000 1.000000 -0.000000
0.000000 0.000000 -0.000000 1.000000
0.012543 -0.997858 0.064198 0.000000
0.002279 0.064232 0.997932 0.000000
-0.999919 -0.012370 0.003080 -0.000000
0.007566 -0.654205 -1.028008 1.000000
BoneName: mixamorig:RightHandMiddle2
BoneIndex: 36
BoneParentIndex: 160
ChildIndicesCount: 1
161
1.000000 0.000000 -0.000000 0.000000
0.000000 1.000000 -0.000000 0.000000
-0.000000 -0.000000 1.000000 -0.000000
0.000000 0.000000 -0.000000 1.000000
0.012543 -0.998348 -0.056063 0.000000
0.002279 -0.056039 0.998426 0.000000
-0.999919 -0.012651 0.001572 -0.000000
0.007481 -0.559217 -1.103123 1.000000
BoneName: mixamorig:RightHandMiddle3
BoneIndex: 37
BoneParentIndex: 163
ChildIndicesCount: 1
164
1.000000 0.000000 -0.000000 0.000000
0.000000 1.000000 -0.000000 0.000000
-0.000000 -0.000000 1.000000 -0.000000
0.000000 0.000000 -0.000000 1.000000
0.012543 -0.999921 -0.001167 0.000000
0.002279 -0.001138 0.999997 0.000000
-0.999919 -0.012545 0.002265 -0.000000
0.007560 -0.649458 -1.069078 1.000000
BoneName: mixamorig:RightHandRing1
BoneIndex: 38
BoneParentIndex: 167
ChildIndicesCount: 1
168
1.000000 0.000000 -0.000000 0.000000
0.000000 1.000000 -0.000000 0.000000
-0.000000 -0.000000 1.000000 -0.000000
0.000000 0.000000 -0.000000 1.000000
-0.082367 -0.996275 0.025520 0.000000
0.006508 0.025069 0.999665 0.000000
-0.996581 0.082506 0.004419 -0.000000
-0.036051 -0.611882 -1.052877 1.000000
BoneName: mixamorig:RightHandRing2
BoneIndex: 39
BoneParentIndex: 170
ChildIndicesCount: 1
171
1.000000 0.000000 -0.000000 0.000000
0.000000 1.000000 -0.000000 0.000000
-0.000000 -0.000000 1.000000 -0.000000
0.000000 0.000000 -0.000000 1.000000
-0.082367 -0.994118 0.070325 0.000000
0.006508 0.070027 0.997524 0.000000
-0.996581 0.082621 0.000702 -0.000000
-0.036021 -0.687849 -1.022961 1.000000
BoneName: mixamorig:RightHandRing3
BoneIndex: 40
BoneParentIndex: 173
ChildIndicesCount: 1
174
1.000000 0.000000 -0.000000 0.000000
0.000000 1.000000 -0.000000 0.000000
-0.000000 -0.000000 1.000000 -0.000000
0.000000 0.000000 -0.000000 1.000000
-0.082367 -0.995232 0.052228 0.000000
0.006508 0.051868 0.998633 0.000000
-0.996581 0.082595 0.002205 -0.000000
-0.036047 -0.696300 -1.035800 1.000000
BoneName: mixamorig:RightHandPinky1
BoneIndex: 41
BoneParentIndex: 177
ChildIndicesCount: 1
178
1.000000 0.000000 -0.000000 0.000000
0.000000 1.000000 -0.000000 0.000000
-0.000000 -0.000000 1.000000 -0.000000
0.000000 0.000000 -0.000000 1.000000
-0.107718 -0.993374 0.040068 0.000000
0.007633 0.039475 0.999191 0.000000
-0.994152 0.107937 0.003331 -0.000000
-0.036257 -0.623082 -1.041345 1.000000
BoneName: mixamorig:RightHandPinky2
BoneIndex: 42
BoneParentIndex: 180
ChildIndicesCount: 1
181
1.000000 0.000000 -0.000000 0.000000
0.000000 1.000000 -0.000000 0.000000
-0.000000 -0.000000 1.000000 -0.000000
0.000000 0.000000 -0.000000 1.000000
-0.107718 -0.993222 0.043678 0.000000
0.007633 0.043106 0.999041 0.000000
-0.994152 0.107948 0.002938 -0.000000
-0.036230 -0.653141 -1.038978 1.000000
BoneName: mixamorig:RightHandPinky3
BoneIndex: 43
BoneParentIndex: 183
ChildIndicesCount: 1
184
1.000000 0.000000 -0.000000 0.000000
0.000000 1.000000 -0.000000 0.000000
-0.000000 -0.000000 1.000000 -0.000000
0.000000 0.000000 -0.000000 1.000000
-0.107718 -0.987461 0.115407 0.000000
0.007633 0.115257 0.993306 0.000000
-0.994152 0.107878 -0.004878 -0.000000
-0.036212 -0.747752 -0.987478 1.000000
BoneName: mixamorig:LeftUpLeg
BoneIndex: 44
BoneParentIndex: 187
ChildIndicesCount: 1
188
1.000000 0.000000 -0.000000 0.000000
0.000000 1.000000 -0.000000 0.000000
-0.000000 -0.000000 1.000000 -0.000000
0.000000 0.000000 -0.000000 1.000000
-0.999771 0.021395 -0.000000 0.000000
-0.021391 -0.999610 -0.017972 0.000000
-0.000385 -0.017968 0.999839 -0.000000
0.089457 0.647681 0.006133 1.000000
BoneName: mixamorig:LeftLeg
BoneIndex: 45
BoneParentIndex: 190
ChildIndicesCount: 1
191
1.000000 0.000000 -0.000000 0.000000
0.000000 1.000000 -0.000000 0.000000
-0.000000 -0.000000 1.000000 -0.000000
0.000000 0.000000 -0.000000 1.000000
-0.999993 0.003741 -0.000058 0.000000
-0.003741 -0.999990 -0.002452 0.000000
-0.000067 -0.002452 0.999997 -0.000000
0.083504 0.408624 0.000838 1.000000
BoneName: mixamorig:LeftFoot
BoneIndex: 46
BoneParentIndex: 193
ChildIndicesCount: 1
194
1.000000 0.000000 -0.000000 0.000000
0.000000 1.000000 -0.000000 0.000000
-0.000000 -0.000000 1.000000 -0.000000
0.000000 0.000000 -0.000000 1.000000
-0.999978 0.006727 0.000057 0.000000
-0.003727 -0.546934 -0.837168 0.000000
-0.005600 -0.837149 0.546946 -0.000000
0.083558 0.041698 0.065923 1.000000
BoneName: mixamorig:LeftToeBase
BoneIndex: 47
BoneParentIndex: 196
ChildIndicesCount: 1
197
1.000000 0.000000 -0.000000 0.000000
0.000000 1.000000 -0.000000 0.000000
-0.000000 -0.000000 1.000000 -0.000000
0.000000 0.000000 -0.000000 1.000000
-0.999828 0.014999 -0.010928 0.000000
0.010801 -0.008534 -0.999905 0.000000
-0.015091 -0.999851 0.008370 -0.000000
0.082543 -0.107014 0.005278 1.000000
BoneName: mixamorig:RightUpLeg
BoneIndex: 48
BoneParentIndex: 200
ChildIndicesCount: 1
201
1.000000 0.000000 -0.000000 0.000000
0.000000 1.000000 -0.000000 0.000000
-0.000000 -0.000000 1.000000 -0.000000
0.000000 0.000000 -0.000000 1.000000
-0.999771 -0.021385 -0.000000 0.000000
0.021371 -0.999137 -0.035615 0.000000
0.000762 -0.035607 0.999366 -0.000000
-0.089427 0.647473 0.017594 1.000000
BoneName: mixamorig:RightLeg
BoneIndex: 49
BoneParentIndex: 203
ChildIndicesCount: 1
204
1.000000 0.000000 -0.000000 0.000000
0.000000 1.000000 -0.000000 0.000000
-0.000000 -0.000000 1.000000 -0.000000
0.000000 0.000000 -0.000000 1.000000
-0.999993 -0.003741 0.000123 0.000000
0.003740 -0.999989 -0.002795 0.000000
0.000133 -0.002794 0.999996 -0.000000
-0.083484 0.408619 0.002735 1.000000
BoneName: mixamorig:RightFoot
BoneIndex: 50
BoneParentIndex: 206
ChildIndicesCount: 1
207
1.000000 0.000000 -0.000000 0.000000
0.000000 1.000000 -0.000000 0.000000
-0.000000 -0.000000 1.000000 -0.000000
0.000000 0.000000 -0.000000 1.000000
-0.999977 -0.006817 0.000064 0.000000
0.003725 -0.554210 -0.832369 0.000000
0.005709 -0.832349 0.554223 -0.000000
-0.083527 0.040708 0.066599 1.000000
BoneName: mixamorig:RightToeBase
BoneIndex: 51
BoneParentIndex: 209
ChildIndicesCount: 1
210
1.000000 0.000000 -0.000000 0.000000
0.000000 1.000000 -0.000000 0.000000
-0.000000 -0.000000 1.000000 -0.000000
0.000000 0.000000 -0.000000 1.000000
-0.999832 -0.015023 0.010526 0.000000
-0.010398 -0.008551 -0.999909 0.000000
0.015112 -0.999851 0.008394 -0.000000
-0.082528 -0.106735 0.005244 1.000000
BoneName: RootNode
BoneIndex: 52
BoneParentIndex: -1
ChildIndicesCount: 2
53
0
1.000000 0.000000 -0.000000 0.000000
0.000000 1.000000 -0.000000 0.000000
-0.000000 -0.000000 1.000000 -0.000000
0.000000 0.000000 -0.000000 1.000000
1.000000 0.000000 0.000000 0.000000
0.000000 1.000000 0.000000 0.000000
0.000000 0.000000 1.000000 0.000000
0.000000 0.000000 0.000000 1.000000
BoneName: Ch46
BoneIndex: 53
BoneParentIndex: 52
ChildIndicesCount: 0
1.000000 0.000000 -0.000000 0.000000
0.000000 1.000000 -0.000000 0.000000
-0.000000 -0.000000 1.000000 -0.000000
0.000000 0.000000 -0.000000 1.000000
1.000000 0.000000 0.000000 0.000000
0.000000 1.000000 0.000000 0.000000
0.000000 0.000000 1.000000 0.000000
0.000000 0.000000 0.000000 1.000000
BoneName: mixamorig:Spine_$AssimpFbx$_Translation
BoneIndex: 54
BoneParentIndex: 0
ChildIndicesCount: 1
55
1.000000 0.000000 -0.000000 0.000000
0.000000 1.000000 -0.000000 0.000000
-0.000000 -0.000000 1.000000 -0.000000
0.000000 0.039624 0.002743 1.000000
1.000000 0.000000 0.000000 0.000000
0.000000 1.000000 0.000000 0.000000
0.000000 0.000000 1.000000 0.000000
0.000000 0.000000 0.000000 1.000000
BoneName: mixamorig:Spine_$AssimpFbx$_PreRotation
BoneIndex: 55
BoneParentIndex: 54
ChildIndicesCount: 1
56
1.000000 0.000000 -0.000000 0.000000
0.000000 0.999144 0.041365 0.000000
-0.000000 -0.041365 0.999144 -0.000000
0.000000 0.000000 -0.000000 1.000000
1.000000 0.000000 0.000000 0.000000
0.000000 1.000000 0.000000 0.000000
0.000000 0.000000 1.000000 0.000000
0.000000 0.000000 0.000000 1.000000
BoneName: mixamorig:Spine_$AssimpFbx$_Rotation
BoneIndex: 56
BoneParentIndex: 55
ChildIndicesCount: 1
1
1.000000 0.000000 -0.000000 0.000000
0.000000 1.000000 -0.000000 0.000000
-0.000000 -0.000000 1.000000 -0.000000
0.000000 0.000000 -0.000000 1.000000
1.000000 0.000000 0.000000 0.000000
0.000000 1.000000 0.000000 0.000000
0.000000 0.000000 1.000000 0.000000
0.000000 0.000000 0.000000 1.000000
BoneName: mixamorig:Neck_$AssimpFbx$_Translation
BoneIndex: 57
BoneParentIndex: 3
ChildIndicesCount: 1
58
1.000000 0.000000 -0.000000 0.000000
0.000000 1.000000 -0.000000 0.000000
-0.000000 -0.000000 1.000000 -0.000000
0.000000 0.099467 0.000000 1.000000
1.000000 0.000000 0.000000 0.000000
0.000000 1.000000 0.000000 0.000000
0.000000 0.000000 1.000000 0.000000
0.000000 0.000000 0.000000 1.000000
BoneName: mixamorig:Neck_$AssimpFbx$_PreRotation
BoneIndex: 58
BoneParentIndex: 57
ChildIndicesCount: 1
59
1.000000 0.000000 -0.000000 0.000000
0.000000 0.999144 -0.041365 0.000000
-0.000000 0.041365 0.999144 -0.000000
0.000000 0.000000 -0.000000 1.000000
1.000000 0.000000 0.000000 0.000000
0.000000 1.000000 0.000000 0.000000
0.000000 0.000000 1.000000 0.000000
0.000000 0.000000 0.000000 1.000000
BoneName: mixamorig:Neck_$AssimpFbx$_Rotation
BoneIndex: 59
BoneParentIndex: 58
ChildIndicesCount: 1
4
1.000000 0.000000 -0.000000 0.000000
0.000000 1.000000 -0.000000 0.000000
-0.000000 -0.000000 1.000000 -0.000000
0.000000 0.000000 -0.000000 1.000000
1.000000 0.000000 0.000000 0.000000
0.000000 1.000000 0.000000 0.000000
0.000000 0.000000 1.000000 0.000000
0.000000 0.000000 0.000000 1.000000
BoneName: mixamorig:HeadTop_End
BoneIndex: 60
BoneParentIndex: 5
ChildIndicesCount: 0
1.000000 0.000000 -0.000000 0.000000
0.000000 1.000000 -0.000000 0.000000
-0.000000 -0.000000 1.000000 -0.000000
0.000000 0.250891 -0.003339 1.000000
1.000000 0.000000 0.000000 0.000000
0.000000 1.000000 0.000000 0.000000
0.000000 0.000000 1.000000 0.000000
0.000000 0.000000 0.000000 1.000000
BoneName: mixamorig:LeftShoulder_$AssimpFbx$_Translation
BoneIndex: 61
BoneParentIndex: 3
ChildIndicesCount: 1
62
1.000000 0.000000 -0.000000 0.000000
0.000000 1.000000 -0.000000 0.000000
-0.000000 -0.000000 1.000000 -0.000000
0.042241 0.088984 0.000566 1.000000
1.000000 0.000000 0.000000 0.000000
0.000000 1.000000 0.000000 0.000000
0.000000 0.000000 1.000000 0.000000
0.000000 0.000000 0.000000 1.000000
BoneName: mixamorig:LeftShoulder_$AssimpFbx$_PreRotation
BoneIndex: 62
BoneParentIndex: 61
ChildIndicesCount: 1
63
-0.013144 -0.000122 0.999914 0.000000
0.971719 -0.235798 0.012745 0.000000
0.235776 0.971802 0.003218 -0.000000
0.000000 0.000000 -0.000000 1.000000
1.000000 0.000000 0.000000 0.000000
0.000000 1.000000 0.000000 0.000000
0.000000 0.000000 1.000000 0.000000
0.000000 0.000000 0.000000 1.000000
BoneName: mixamorig:LeftShoulder_$AssimpFbx$_Rotation
BoneIndex: 63
BoneParentIndex: 62
ChildIndicesCount: 1
6
1.000000 0.000000 -0.000000 0.000000
0.000000 1.000000 -0.000000 0.000000
-0.000000 -0.000000 1.000000 -0.000000
0.000000 0.000000 -0.000000 1.000000
1.000000 0.000000 0.000000 0.000000
0.000000 1.000000 0.000000 0.000000
0.000000 0.000000 1.000000 0.000000
0.000000 0.000000 0.000000 1.000000
BoneName: mixamorig:LeftArm_$AssimpFbx$_Translation
BoneIndex: 64
BoneParentIndex: 6
ChildIndicesCount: 1
65
1.000000 0.000000 -0.000000 0.000000
0.000000 1.000000 -0.000000 0.000000
-0.000000 -0.000000 1.000000 -0.000000
-0.000000 0.088610 0.000000 1.000000
1.000000 0.000000 0.000000 0.000000
0.000000 1.000000 0.000000 0.000000
0.000000 0.000000 1.000000 0.000000
0.000000 0.000000 0.000000 1.000000
BoneName: mixamorig:LeftArm_$AssimpFbx$_PreRotation
BoneIndex: 65
BoneParentIndex: 64
ChildIndicesCount: 1
66
0.999397 0.034726 -0.000000 0.000000
-0.033794 0.972572 0.230134 0.000000
0.007992 -0.229995 0.973159 -0.000000
0.000000 0.000000 -0.000000 1.000000
1.000000 0.000000 0.000000 0.000000
0.000000 1.000000 0.000000 0.000000
0.000000 0.000000 1.000000 0.000000
0.000000 0.000000 0.000000 1.000000
BoneName: mixamorig:LeftArm_$AssimpFbx$_Rotation
BoneIndex: 66
BoneParentIndex: 65
ChildIndicesCount: 1
7
1.000000 0.000000 -0.000000 0.000000
0.000000 1.000000 -0.000000 0.000000
-0.000000 -0.000000 1.000000 -0.000000
0.000000 0.000000 -0.000000 1.000000
1.000000 0.000000 0.000000 0.000000
0.000000 1.000000 0.000000 0.000000
0.000000 0.000000 1.000000 0.000000
0.000000 0.000000 0.000000 1.000000
BoneName: mixamorig:LeftForeArm_$AssimpFbx$_Translation
BoneIndex: 67
BoneParentIndex: 7
ChildIndicesCount: 1
68
1.000000 0.000000 -0.000000 0.000000
0.000000 1.000000 -0.000000 0.000000
-0.000000 -0.000000 1.000000 -0.000000
-0.000000 0.189752 -0.000000 1.000000
1.000000 0.000000 0.000000 0.000000
0.000000 1.000000 0.000000 0.000000
0.000000 0.000000 1.000000 0.000000
0.000000 0.000000 0.000000 1.000000
BoneName: mixamorig:LeftForeArm_$AssimpFbx$_PreRotation
BoneIndex: 68
BoneParentIndex: 67
ChildIndicesCount: 1
69
0.999737 0.022936 0.000000 0.000000
-0.022928 0.999425 0.024973 0.000000
0.000573 -0.024966 0.999688 -0.000000
0.000000 0.000000 -0.000000 1.000000
1.000000 0.000000 0.000000 0.000000
0.000000 1.000000 0.000000 0.000000
0.000000 0.000000 1.000000 0.000000
0.000000 0.000000 0.000000 1.000000
BoneName: mixamorig:LeftForeArm_$AssimpFbx$_Rotation
BoneIndex: 69
BoneParentIndex: 68
ChildIndicesCount: 1
8
1.000000 0.000000 -0.000000 0.000000
0.000000 1.000000 -0.000000 0.000000
-0.000000 -0.000000 1.000000 -0.000000
0.000000 0.000000 -0.000000 1.000000
1.000000 0.000000 0.000000 0.000000
0.000000 1.000000 0.000000 0.000000
0.000000 0.000000 1.000000 0.000000
0.000000 0.000000 0.000000 1.000000
BoneName: mixamorig:LeftHand_$AssimpFbx$_Translation
BoneIndex: 70
BoneParentIndex: 8
ChildIndicesCount: 1
71
1.000000 0.000000 -0.000000 0.000000
0.000000 1.000000 -0.000000 0.000000
-0.000000 -0.000000 1.000000 -0.000000
-0.000000 0.198960 -0.000000 1.000000
1.000000 0.000000 0.000000 0.000000
0.000000 1.000000 0.000000 0.000000
0.000000 0.000000 1.000000 0.000000
0.000000 0.000000 0.000000 1.000000
BoneName: mixamorig:LeftHand_$AssimpFbx$_PreRotation
BoneIndex: 71
BoneParentIndex: 70
ChildIndicesCount: 1
72
0.997699 -0.045778 0.050007 0.000000
0.044460 0.998642 0.027170 0.000000
-0.051183 -0.024884 0.998379 -0.000000
0.000000 0.000000 -0.000000 1.000000
1.000000 0.000000 0.000000 0.000000
0.000000 1.000000 0.000000 0.000000
0.000000 0.000000 1.000000 0.000000
0.000000 0.000000 0.000000 1.000000
BoneName: mixamorig:LeftHand_$AssimpFbx$_Rotation
BoneIndex: 72
BoneParentIndex: 71
ChildIndicesCount: 1
9
1.000000 0.000000 -0.000000 0.000000
0.000000 1.000000 -0.000000 0.000000
-0.000000 -0.000000 1.000000 -0.000000
0.000000 0.000000 -0.000000 1.000000
1.000000 0.000000 0.000000 0.000000
0.000000 1.000000 0.000000 0.000000
0.000000 0.000000 1.000000 0.000000
0.000000 0.000000 0.000000 1.000000
BoneName: mixamorig:LeftHandThumb1_$AssimpFbx$_Translation
BoneIndex: 73
BoneParentIndex: 9
ChildIndicesCount: 1
74
1.000000 0.000000 -0.000000 0.000000
0.000000 1.000000 -0.000000 0.000000
-0.000000 -0.000000 1.000000 -0.000000
-0.020889 0.021413 -0.012094 1.000000
1.000000 0.000000 0.000000 0.000000
0.000000 1.000000 0.000000 0.000000
0.000000 0.000000 1.000000 0.000000
0.000000 0.000000 0.000000 1.000000
BoneName: mixamorig:LeftHandThumb1_$AssimpFbx$_PreRotation
BoneIndex: 74
BoneParentIndex: 73
ChildIndicesCount: 1
75
0.805205 0.592997 -0.000000 0.000000
-0.549018 0.745487 -0.377926 0.000000
-0.224109 0.304308 0.925836 -0.000000
0.000000 0.000000 -0.000000 1.000000
1.000000 0.000000 0.000000 0.000000
0.000000 1.000000 0.000000 0.000000
0.000000 0.000000 1.000000 0.000000
0.000000 0.000000 0.000000 1.000000
BoneName: mixamorig:LeftHandThumb1_$AssimpFbx$_Rotation
BoneIndex: 75
BoneParentIndex: 74
ChildIndicesCount: 1
10
1.000000 0.000000 -0.000000 0.000000
0.000000 1.000000 -0.000000 0.000000
-0.000000 -0.000000 1.000000 -0.000000
0.000000 0.000000 -0.000000 1.000000
1.000000 0.000000 0.000000 0.000000
0.000000 1.000000 0.000000 0.000000
0.000000 0.000000 1.000000 0.000000
0.000000 0.000000 0.000000 1.000000
BoneName: mixamorig:LeftHandThumb2_$AssimpFbx$_Translation
BoneIndex: 76
BoneParentIndex: 10
ChildIndicesCount: 1
77
1.000000 0.000000 -0.000000 0.000000
0.000000 1.000000 -0.000000 0.000000
-0.000000 -0.000000 1.000000 -0.000000
-0.003298 0.025601 0.000000 1.000000
1.000000 0.000000 0.000000 0.000000
0.000000 1.000000 0.000000 0.000000
0.000000 0.000000 1.000000 0.000000
0.000000 0.000000 0.000000 1.000000
BoneName: mixamorig:LeftHandThumb2_$AssimpFbx$_PreRotation
BoneIndex: 77
BoneParentIndex: 76
ChildIndicesCount: 1
78
1.000000 0.000000 -0.000000 0.000000
0.000000 0.999578 0.029058 0.000000
-0.000000 -0.029058 0.999578 -0.000000
0.000000 0.000000 -0.000000 1.000000
1.000000 0.000000 0.000000 0.000000
0.000000 1.000000 0.000000 0.000000
0.000000 0.000000 1.000000 0.000000
0.000000 0.000000 0.000000 1.000000
BoneName: mixamorig:LeftHandThumb2_$AssimpFbx$_Rotation
BoneIndex: 78
BoneParentIndex: 77
ChildIndicesCount: 1
11
1.000000 0.000000 -0.000000 0.000000
0.000000 1.000000 -0.000000 0.000000
-0.000000 -0.000000 1.000000 -0.000000
0.000000 0.000000 -0.000000 1.000000
1.000000 0.000000 0.000000 0.000000
0.000000 1.000000 0.000000 0.000000
0.000000 0.000000 1.000000 0.000000
0.000000 0.000000 0.000000 1.000000
BoneName: mixamorig:LeftHandThumb3_$AssimpFbx$_Translation
BoneIndex: 79
BoneParentIndex: 11
ChildIndicesCount: 1
80
1.000000 0.000000 -0.000000 0.000000
0.000000 1.000000 -0.000000 0.000000
-0.000000 -0.000000 1.000000 -0.000000
0.000769 0.027272 0.000000 1.000000
1.000000 0.000000 0.000000 0.000000
0.000000 1.000000 0.000000 0.000000
0.000000 0.000000 1.000000 0.000000
0.000000 0.000000 0.000000 1.000000
BoneName: mixamorig:LeftHandThumb3_$AssimpFbx$_PreRotation
BoneIndex: 80
BoneParentIndex: 79
ChildIndicesCount: 1
81
1.000000 0.000000 -0.000000 0.000000
0.000000 0.996609 -0.082279 0.000000
-0.000000 0.082279 0.996609 -0.000000
0.000000 0.000000 -0.000000 1.000000
1.000000 0.000000 0.000000 0.000000
0.000000 1.000000 0.000000 0.000000
0.000000 0.000000 1.000000 0.000000
0.000000 0.000000 0.000000 1.000000
BoneName: mixamorig:LeftHandThumb3_$AssimpFbx$_Rotation
BoneIndex: 81
BoneParentIndex: 80
ChildIndicesCount: 1
12
1.000000 0.000000 -0.000000 0.000000
0.000000 1.000000 -0.000000 0.000000
-0.000000 -0.000000 1.000000 -0.000000
0.000000 0.000000 -0.000000 1.000000
1.000000 0.000000 0.000000 0.000000
0.000000 1.000000 0.000000 0.000000
0.000000 0.000000 1.000000 0.000000
0.000000 0.000000 0.000000 1.000000
BoneName: mixamorig:LeftHandThumb4
BoneIndex: 82
BoneParentIndex: 12
ChildIndicesCount: 0
1.000000 0.000000 -0.000000 0.000000
0.000000 1.000000 -0.000000 0.000000
-0.000000 -0.000000 1.000000 -0.000000
0.002529 0.022376 0.000000 1.000000
1.000000 0.000000 0.000000 0.000000
0.000000 1.000000 0.000000 0.000000
0.000000 0.000000 1.000000 0.000000
0.000000 0.000000 0.000000 1.000000
BoneName: mixamorig:LeftHandIndex1_$AssimpFbx$_Translation
BoneIndex: 83
BoneParentIndex: 9
ChildIndicesCount: 1
84
1.000000 0.000000 -0.000000 0.000000
0.000000 1.000000 -0.000000 0.000000
-0.000000 -0.000000 1.000000 -0.000000
-0.025860 0.069423 -0.000297 1.000000
1.000000 0.000000 0.000000 0.000000
0.000000 1.000000 0.000000 0.000000
0.000000 0.000000 1.000000 0.000000
0.000000 0.000000 0.000000 1.000000
BoneName: mixamorig:LeftHandIndex1_$AssimpFbx$_PreRotation
BoneIndex: 84
BoneParentIndex: 83
ChildIndicesCount: 1
85
0.997407 0.071972 -0.000000 0.000000
-0.071787 0.994842 -0.071669 0.000000
-0.005158 0.071483 0.997428 -0.000000
0.000000 0.000000 -0.000000 1.000000
1.000000 0.000000 0.000000 0.000000
0.000000 1.000000 0.000000 0.000000
0.000000 0.000000 1.000000 0.000000
0.000000 0.000000 0.000000 1.000000
BoneName: mixamorig:LeftHandIndex1_$AssimpFbx$_Rotation
BoneIndex: 85
BoneParentIndex: 84
ChildIndicesCount: 1
13
1.000000 0.000000 -0.000000 0.000000
0.000000 1.000000 -0.000000 0.000000
-0.000000 -0.000000 1.000000 -0.000000
0.000000 0.000000 -0.000000 1.000000
1.000000 0.000000 0.000000 0.000000
0.000000 1.000000 0.000000 0.000000
0.000000 0.000000 1.000000 0.000000
0.000000 0.000000 0.000000 1.000000
BoneName: mixamorig:LeftHandIndex2_$AssimpFbx$_Translation
BoneIndex: 86
BoneParentIndex: 13
ChildIndicesCount: 1
87
1.000000 0.000000 -0.000000 0.000000
0.000000 1.000000 -0.000000 0.000000
-0.000000 -0.000000 1.000000 -0.000000
0.000010 0.028449 0.000000 1.000000
1.000000 0.000000 0.000000 0.000000
0.000000 1.000000 0.000000 0.000000
0.000000 0.000000 1.000000 0.000000
0.000000 0.000000 0.000000 1.000000
BoneName: mixamorig:LeftHandIndex2_$AssimpFbx$_PreRotation
BoneIndex: 87
BoneParentIndex: 86
ChildIndicesCount: 1
88
1.000000 0.000000 -0.000000 0.000000
0.000000 0.999740 0.022819 0.000000
-0.000000 -0.022819 0.999740 -0.000000
0.000000 0.000000 -0.000000 1.000000
1.000000 0.000000 0.000000 0.000000
0.000000 1.000000 0.000000 0.000000
0.000000 0.000000 1.000000 0.000000
0.000000 0.000000 0.000000 1.000000
BoneName: mixamorig:LeftHandIndex2_$AssimpFbx$_Rotation
BoneIndex: 88
BoneParentIndex: 87
ChildIndicesCount: 1
14
1.000000 0.000000 -0.000000 0.000000
0.000000 1.000000 -0.000000 0.000000
-0.000000 -0.000000 1.000000 -0.000000
0.000000 0.000000 -0.000000 1.000000
1.000000 0.000000 0.000000 0.000000
0.000000 1.000000 0.000000 0.000000
0.000000 0.000000 1.000000 0.000000
0.000000 0.000000 0.000000 1.000000
BoneName: mixamorig:LeftHandIndex3_$AssimpFbx$_Translation
BoneIndex: 89
BoneParentIndex: 14
ChildIndicesCount: 1
90
1.000000 0.000000 -0.000000 0.000000
0.000000 1.000000 -0.000000 0.000000
-0.000000 -0.000000 1.000000 -0.000000
-0.000013 0.026655 0.000000 1.000000
1.000000 0.000000 0.000000 0.000000
0.000000 1.000000 0.000000 0.000000
0.000000 0.000000 1.000000 0.000000
0.000000 0.000000 0.000000 1.000000
BoneName: mixamorig:LeftHandIndex3_$AssimpFbx$_PreRotation
BoneIndex: 90
BoneParentIndex: 89
ChildIndicesCount: 1
91
1.000000 0.000000 -0.000000 0.000000
0.000000 0.999910 -0.013447 0.000000
-0.000000 0.013447 0.999910 -0.000000
0.000000 0.000000 -0.000000 1.000000
1.000000 0.000000 0.000000 0.000000
0.000000 1.000000 0.000000 0.000000
0.000000 0.000000 1.000000 0.000000
0.000000 0.000000 0.000000 1.000000
BoneName: mixamorig:LeftHandIndex3_$AssimpFbx$_Rotation
BoneIndex: 91
BoneParentIndex: 90
ChildIndicesCount: 1
15
1.000000 0.000000 -0.000000 0.000000
0.000000 1.000000 -0.000000 0.000000
-0.000000 -0.000000 1.000000 -0.000000
0.000000 0.000000 -0.000000 1.000000
1.000000 0.000000 0.000000 0.000000
0.000000 1.000000 0.000000 0.000000
0.000000 0.000000 1.000000 0.000000
0.000000 0.000000 0.000000 1.000000
BoneName: mixamorig:LeftHandIndex4
BoneIndex: 92
BoneParentIndex: 15
ChildIndicesCount: 0
1.000000 0.000000 -0.000000 0.000000
0.000000 1.000000 -0.000000 0.000000
-0.000000 -0.000000 1.000000 -0.000000
0.000003 0.022974 0.000000 1.000000
1.000000 0.000000 0.000000 0.000000
0.000000 1.000000 0.000000 0.000000
0.000000 0.000000 1.000000 0.000000
0.000000 0.000000 0.000000 1.000000
BoneName: mixamorig:LeftHandMiddle1_$AssimpFbx$_Translation
BoneIndex: 93
BoneParentIndex: 9
ChildIndicesCount: 1
94
1.000000 0.000000 -0.000000 0.000000
0.000000 1.000000 -0.000000 0.000000
-0.000000 -0.000000 1.000000 -0.000000
-0.008150 0.068272 0.001101 1.000000
1.000000 0.000000 0.000000 0.000000
0.000000 1.000000 0.000000 0.000000
0.000000 0.000000 1.000000 0.000000
0.000000 0.000000 0.000000 1.000000
BoneName: mixamorig:LeftHandMiddle1_$AssimpFbx$_PreRotation
BoneIndex: 94
BoneParentIndex: 93
ChildIndicesCount: 1
95
0.999995 -0.003176 -0.000000 0.000000
0.003176 0.999987 0.003887 0.000000
-0.000012 -0.003887 0.999992 -0.000000
0.000000 0.000000 -0.000000 1.000000
1.000000 0.000000 0.000000 0.000000
0.000000 1.000000 0.000000 0.000000
0.000000 0.000000 1.000000 0.000000
0.000000 0.000000 0.000000 1.000000
BoneName: mixamorig:LeftHandMiddle1_$AssimpFbx$_Rotation
BoneIndex: 95
BoneParentIndex: 94
ChildIndicesCount: 1
16
1.000000 0.000000 -0.000000 0.000000
0.000000 1.000000 -0.000000 0.000000
-0.000000 -0.000000 1.000000 -0.000000
0.000000 0.000000 -0.000000 1.000000
1.000000 0.000000 0.000000 0.000000
0.000000 1.000000 0.000000 0.000000
0.000000 0.000000 1.000000 0.000000
0.000000 0.000000 0.000000 1.000000
BoneName: mixamorig:LeftHandMiddle2_$AssimpFbx$_Translation
BoneIndex: 96
BoneParentIndex: 16
ChildIndicesCount: 1
97
1.000000 0.000000 -0.000000 0.000000
0.000000 1.000000 -0.000000 0.000000
-0.000000 -0.000000 1.000000 -0.000000
-0.000117 0.032568 -0.000000 1.000000
1.000000 0.000000 0.000000 0.000000
0.000000 1.000000 0.000000 0.000000
0.000000 0.000000 1.000000 0.000000
0.000000 0.000000 0.000000 1.000000
BoneName: mixamorig:LeftHandMiddle2_$AssimpFbx$_PreRotation
BoneIndex: 97
BoneParentIndex: 96
ChildIndicesCount: 1
98
1.000000 0.000000 -0.000000 0.000000
0.000000 0.996605 -0.082329 0.000000
-0.000000 0.082329 0.996605 -0.000000
0.000000 0.000000 -0.000000 1.000000
1.000000 0.000000 0.000000 0.000000
0.000000 1.000000 0.000000 0.000000
0.000000 0.000000 1.000000 0.000000
0.000000 0.000000 0.000000 1.000000
BoneName: mixamorig:LeftHandMiddle2_$AssimpFbx$_Rotation
BoneIndex: 98
BoneParentIndex: 97
ChildIndicesCount: 1
17
1.000000 0.000000 -0.000000 0.000000
0.000000 1.000000 -0.000000 0.000000
-0.000000 -0.000000 1.000000 -0.000000
0.000000 0.000000 -0.000000 1.000000
1.000000 0.000000 0.000000 0.000000
0.000000 1.000000 0.000000 0.000000
0.000000 0.000000 1.000000 0.000000
0.000000 0.000000 0.000000 1.000000
BoneName: mixamorig:LeftHandMiddle3_$AssimpFbx$_Translation
BoneIndex: 99
BoneParentIndex: 17
ChildIndicesCount: 1
100
1.000000 0.000000 -0.000000 0.000000
0.000000 1.000000 -0.000000 0.000000
-0.000000 -0.000000 1.000000 -0.000000
-0.000007 0.031779 0.000000 1.000000
1.000000 0.000000 0.000000 0.000000
0.000000 1.000000 0.000000 0.000000
0.000000 0.000000 1.000000 0.000000
0.000000 0.000000 0.000000 1.000000
BoneName: mixamorig:LeftHandMiddle3_$AssimpFbx$_PreRotation
BoneIndex: 100
BoneParentIndex: 99
