BonesCount: 185
BoneName: mixamorig:Hips
BoneIndex: 0
BoneParentIndex: 46
ChildIndicesCount: 3
48
159
172
1.000000 0.000000 -0.000000 0.000000
0.000000 1.000000 -0.000000 0.000000
-0.000000 -0.000000 1.000000 -0.000000
0.000000 3.506987 0.002949 1.000000
1.000000 0.000000 -0.000000 0.000000
0.000000 1.000000 -0.000000 0.000000
-0.000000 -0.000000 1.000000 -0.000000
0.000000 -3.506987 -0.002949 1.000000
BoneName: mixamorig:RightUpLeg
BoneIndex: 1
BoneParentIndex: 174
ChildIndicesCount: 1
175
1.000000 0.000000 -0.000000 0.000000
0.000000 1.000000 -0.000000 0.000000
-0.000000 -0.000000 1.000000 -0.000000
0.000000 0.000000 -0.000000 1.000000
-0.999762 -0.021799 -0.000000 0.000000
0.021775 -0.998661 -0.046925 0.000000
0.001023 -0.046914 0.998898 -0.000000
-1.088337 3.098318 0.144229 1.000000
BoneName: mixamorig:Spine
BoneIndex: 2
BoneParentIndex: 50
ChildIndicesCount: 1
17
1.000000 0.000000 -0.000000 0.000000
0.000000 1.000000 -0.000000 0.000000
-0.000000 -0.000000 1.000000 -0.000000
0.000000 0.000000 -0.000000 1.000000
1.000000 0.000000 -0.000000 0.000000
0.000000 0.999833 0.018272 0.000000
-0.000000 -0.018272 0.999833 -0.000000
0.000000 -4.194069 -0.067028 1.000000
BoneName: mixamorig:Head
BoneIndex: 3
BoneParentIndex: 4
ChildIndicesCount: 1
54
1.000000 0.000000 -0.000000 0.000000
0.000000 1.000000 -0.000000 0.000000
-0.000000 -0.000000 1.000000 -0.000000
0.000000 0.764375 0.237744 1.000000
1.000000 0.000000 -0.000000 0.000000
0.000000 1.000000 -0.000000 0.000000
-0.000000 -0.000000 1.000000 -0.000000
0.000000 -7.709390 -0.177863 1.000000
BoneName: mixamorig:Neck
BoneIndex: 4
BoneParentIndex: 53
ChildIndicesCount: 1
3
1.000000 0.000000 -0.000000 0.000000
0.000000 1.000000 -0.000000 0.000000
-0.000000 -0.000000 1.000000 -0.000000
0.000000 0.000000 -0.000000 1.000000
1.000000 0.000000 -0.000000 0.000000
0.000000 1.000000 -0.000000 0.000000
-0.000000 -0.000000 1.000000 -0.000000
0.000000 -6.945015 0.059881 1.000000
BoneName: mixamorig:Spine2
BoneIndex: 5
BoneParentIndex: 17
ChildIndicesCount: 3
51
55
107
1.000000 0.000000 -0.000000 0.000000
0.000000 1.000000 -0.000000 0.000000
-0.000000 -0.000000 1.000000 -0.000000
0.000000 0.916961 0.000000 1.000000
1.000000 0.000000 -0.000000 0.000000
0.000000 0.999833 0.018272 0.000000
-0.000000 -0.018272 0.999833 -0.000000
0.000000 -5.913370 -0.067028 1.000000
BoneName: mixamorig:RightHandMiddle1
BoneIndex: 6
BoneParentIndex: 141
ChildIndicesCount: 1
142
1.000000 0.000000 -0.000000 0.000000
0.000000 1.000000 -0.000000 0.000000
-0.000000 -0.000000 1.000000 -0.000000
0.000000 0.000000 -0.000000 1.000000
-0.034845 -0.997120 -0.067369 0.000000
-0.013689 -0.066927 0.997664 0.000000
-0.999299 0.035686 -0.011318 -0.000000
-0.114499 -4.375833 -6.772911 1.000000
BoneName: mixamorig:RightHandRing1
BoneIndex: 7
BoneParentIndex: 151
ChildIndicesCount: 1
152
1.000000 0.000000 -0.000000 0.000000
0.000000 1.000000 -0.000000 0.000000
-0.000000 -0.000000 1.000000 -0.000000
0.000000 0.000000 -0.000000 1.000000
-0.319910 -0.937466 -0.137165 0.000000
-0.032283 -0.133904 0.990468 0.000000
-0.946898 0.321289 0.012573 -0.000000
-1.077224 -3.685081 -7.071622 1.000000
BoneName: mixamorig:RightHandIndex1
BoneIndex: 8
BoneParentIndex: 131
ChildIndicesCount: 1
132
1.000000 0.000000 -0.000000 0.000000
0.000000 1.000000 -0.000000 0.000000
-0.000000 -0.000000 1.000000 -0.000000
0.000000 0.000000 -0.000000 1.000000
0.338889 -0.938359 -0.068094 0.000000
0.012133 -0.068012 0.997611 0.000000
-0.940748 -0.338906 -0.011663 -0.000000
1.269442 -4.249891 -6.772768 1.000000
BoneName: mixamorig:RightForeArm
BoneIndex: 9
BoneParentIndex: 115
ChildIndicesCount: 1
116
1.000000 0.000000 -0.000000 0.000000
0.000000 1.000000 -0.000000 0.000000
-0.000000 -0.000000 1.000000 -0.000000
0.000000 0.000000 -0.000000 1.000000
0.000062 -0.998643 0.052083 0.000000
-0.025585 0.052064 0.998316 0.000000
-0.999673 -0.001395 -0.025547 -0.000000
0.151693 -2.493059 -6.296202 1.000000
BoneName: mixamorig:RightHand
BoneIndex: 10
BoneParentIndex: 118
ChildIndicesCount: 4
119
129
139
149
1.000000 0.000000 -0.000000 0.000000
0.000000 1.000000 -0.000000 0.000000
-0.000000 -0.000000 1.000000 -0.000000
0.000000 0.000000 -0.000000 1.000000
0.025652 -0.997413 -0.067158 0.000000
-0.009621 -0.067423 0.997678 0.000000
-0.999625 -0.024947 -0.011325 -0.000000
0.150232 -3.558344 -6.769699 1.000000
BoneName: mixamorig:RightArm
BoneIndex: 11
BoneParentIndex: 112
ChildIndicesCount: 1
113
1.000000 0.000000 -0.000000 0.000000
0.000000 1.000000 -0.000000 0.000000
-0.000000 -0.000000 1.000000 -0.000000
0.000000 0.000000 -0.000000 1.000000
-0.036347 -0.994823 -0.094899 0.000000
-0.029038 -0.093870 0.995161 0.000000
-0.998917 0.038926 -0.025476 -0.000000
0.095159 -0.698045 -6.593688 1.000000
BoneName: mixamorig:RightHandThumb1
BoneIndex: 12
BoneParentIndex: 121
ChildIndicesCount: 1
122
1.000000 0.000000 -0.000000 0.000000
0.000000 1.000000 -0.000000 0.000000
-0.000000 -0.000000 1.000000 -0.000000
0.000000 0.000000 -0.000000 1.000000
0.850530 -0.480843 -0.213047 0.000000
0.051311 -0.327288 0.943530 0.000000
-0.523418 -0.813432 -0.253696 -0.000000
3.139630 -0.174398 -7.005268 1.000000
BoneName: mixamorig:LeftUpLeg
BoneIndex: 13
BoneParentIndex: 161
ChildIndicesCount: 1
162
1.000000 0.000000 -0.000000 0.000000
0.000000 1.000000 -0.000000 0.000000
-0.000000 -0.000000 1.000000 -0.000000
0.000000 0.000000 -0.000000 1.000000
-0.999762 0.021802 0.000000 0.000000
-0.021782 -0.998810 -0.043640 0.000000
-0.000951 -0.043630 0.999047 -0.000000
1.088343 3.098119 0.148913 1.000000
BoneName: mixamorig:LeftLeg
BoneIndex: 14
BoneParentIndex: 164
ChildIndicesCount: 1
165
1.000000 0.000000 -0.000000 0.000000
0.000000 1.000000 -0.000000 0.000000
-0.000000 -0.000000 1.000000 -0.000000
0.000000 0.000000 -0.000000 1.000000
-0.995031 -0.096611 0.024059 0.000000
0.099466 -0.975169 0.197871 0.000000
0.004345 0.199281 0.979933 -0.000000
0.862494 1.894645 -0.318357 1.000000
BoneName: mixamorig:LeftFoot
BoneIndex: 15
BoneParentIndex: 167
ChildIndicesCount: 1
168
1.000000 0.000000 -0.000000 0.000000
0.000000 1.000000 -0.000000 0.000000
-0.000000 -0.000000 1.000000 -0.000000
0.000000 0.000000 -0.000000 1.000000
-0.992711 0.010364 -0.120070 0.000000
0.079913 -0.689159 -0.720190 0.000000
-0.090212 -0.724536 0.683307 -0.000000
0.889184 0.619191 0.555758 1.000000
BoneName: mixamorig:LeftToeBase
BoneIndex: 16
BoneParentIndex: 170
ChildIndicesCount: 1
171
1.000000 0.000000 -0.000000 0.000000
0.000000 1.000000 -0.000000 0.000000
-0.000000 -0.000000 1.000000 -0.000000
0.000000 0.000000 -0.000000 1.000000
-0.999877 0.015635 -0.001093 0.000000
0.001377 0.018196 -0.999833 0.000000
-0.015613 -0.999712 -0.018215 -0.000000
0.944187 -0.622342 0.026789 1.000000
BoneName: mixamorig:Spine1
BoneIndex: 17
BoneParentIndex: 2
ChildIndicesCount: 1
5
1.000000 0.000000 -0.000000 0.000000
0.000000 1.000000 -0.000000 0.000000
-0.000000 -0.000000 1.000000 -0.000000
0.000000 0.802340 0.000000 1.000000
1.000000 0.000000 -0.000000 0.000000
0.000000 0.999833 0.018272 0.000000
-0.000000 -0.018272 0.999833 -0.000000
0.000000 -4.996409 -0.067028 1.000000
BoneName: mixamorig:LeftShoulder
BoneIndex: 18
BoneParentIndex: 57
ChildIndicesCount: 1
58
1.000000 0.000000 -0.000000 0.000000
0.000000 1.000000 -0.000000 0.000000
-0.000000 -0.000000 1.000000 -0.000000
0.000000 0.000000 -0.000000 1.000000
0.003112 0.947181 0.320686 0.000000
0.018277 -0.320688 0.947009 0.000000
0.999828 0.002914 -0.018310 -0.000000
-0.067057 1.763578 -6.577896 1.000000
BoneName: mixamorig:LeftArm
BoneIndex: 19
BoneParentIndex: 60
ChildIndicesCount: 1
61
1.000000 0.000000 -0.000000 0.000000
0.000000 1.000000 -0.000000 0.000000
-0.000000 -0.000000 1.000000 -0.000000
0.000000 0.000000 -0.000000 1.000000
-0.072319 0.992686 0.096668 0.000000
0.043754 -0.093671 0.994641 0.000000
0.996421 0.076161 -0.036660 -0.000000
-0.133505 -0.694051 -6.593521 1.000000
BoneName: mixamorig:LeftForeArm
BoneIndex: 20
BoneParentIndex: 63
ChildIndicesCount: 1
64
1.000000 0.000000 -0.000000 0.000000
0.000000 1.000000 -0.000000 0.000000
-0.000000 -0.000000 1.000000 -0.000000
0.000000 0.000000 -0.000000 1.000000
0.008580 0.998589 -0.052400 0.000000
0.035998 0.052060 0.997995 0.000000
0.999315 -0.010449 -0.035501 -0.000000
-0.258628 -2.492806 -6.292809 1.000000
BoneName: mixamorig:RightLeg
BoneIndex: 21
BoneParentIndex: 177
ChildIndicesCount: 1
178
1.000000 0.000000 -0.000000 0.000000
0.000000 1.000000 -0.000000 0.000000
-0.000000 -0.000000 1.000000 -0.000000
0.000000 0.000000 -0.000000 1.000000
-0.995034 0.097009 -0.022297 0.000000
-0.099429 -0.979191 0.176916 0.000000
-0.004671 0.178254 0.983973 -0.000000
-0.862538 1.899041 -0.288500 1.000000
BoneName: mixamorig:RightFoot
BoneIndex: 22
BoneParentIndex: 180
ChildIndicesCount: 1
181
1.000000 0.000000 -0.000000 0.000000
0.000000 1.000000 -0.000000 0.000000
-0.000000 -0.000000 1.000000 -0.000000
0.000000 0.000000 -0.000000 1.000000
-0.992273 -0.010500 0.123628 0.000000
-0.081233 -0.698182 -0.711297 0.000000
0.093784 -0.715844 0.691934 -0.000000
-0.887071 0.615160 0.560215 1.000000
BoneName: mixamorig:RightToeBase
BoneIndex: 23
BoneParentIndex: 183
ChildIndicesCount: 1
184
1.000000 0.000000 -0.000000 0.000000
0.000000 1.000000 -0.000000 0.000000
-0.000000 -0.000000 1.000000 -0.000000
0.000000 0.000000 -0.000000 1.000000
-0.999877 -0.015674 0.000730 0.000000
-0.001016 0.018243 -0.999833 0.000000
0.015658 -0.999711 -0.018256 -0.000000
-0.944260 -0.616823 0.026521 1.000000
BoneName: mixamorig:RightShoulder
BoneIndex: 24
BoneParentIndex: 109
ChildIndicesCount: 1
110
1.000000 0.000000 -0.000000 0.000000
0.000000 1.000000 -0.000000 0.000000
-0.000000 -0.000000 1.000000 -0.000000
0.000000 0.000000 -0.000000 1.000000
-0.004545 -0.947137 -0.320799 0.000000
-0.018280 -0.320670 0.947015 0.000000
-0.999823 0.010168 -0.015857 -0.000000
0.067078 1.763871 -6.577789 1.000000
BoneName: mixamorig:LeftHandMiddle1
BoneIndex: 25
BoneParentIndex: 89
ChildIndicesCount: 1
90
1.000000 0.000000 -0.000000 0.000000
0.000000 1.000000 -0.000000 0.000000
-0.000000 -0.000000 1.000000 -0.000000
0.000000 0.000000 -0.000000 1.000000
-0.028764 0.991448 0.127290 0.000000
0.025782 -0.126565 0.991623 0.000000
0.999254 0.031805 -0.021921 -0.000000
0.008740 -3.999174 -7.054864 1.000000
BoneName: mixamorig:LeftHandRing1
BoneIndex: 26
BoneParentIndex: 99
ChildIndicesCount: 1
100
1.000000 0.000000 -0.000000 0.000000
0.000000 1.000000 -0.000000 0.000000
-0.000000 -0.000000 1.000000 -0.000000
0.000000 0.000000 -0.000000 1.000000
-0.265191 0.958538 0.104302 0.000000
0.040249 -0.097076 0.994463 0.000000
0.963356 0.267920 -0.012836 -0.000000
0.745043 -4.108835 -6.927055 1.000000
BoneName: mixamorig:LeftHand
BoneIndex: 27
BoneParentIndex: 66
ChildIndicesCount: 4
67
77
87
97
1.000000 0.000000 -0.000000 0.000000
0.000000 1.000000 -0.000000 0.000000
-0.000000 -0.000000 1.000000 -0.000000
0.000000 0.000000 -0.000000 1.000000
-0.007350 0.997880 0.064669 0.000000
0.024404 -0.064472 0.997621 0.000000
0.999675 0.008910 -0.023878 -0.000000
-0.119240 -3.578970 -6.759426 1.000000
BoneName: mixamorig:LeftHandThumb1
BoneIndex: 28
BoneParentIndex: 69
ChildIndicesCount: 1
70
1.000000 0.000000 -0.000000 0.000000
0.000000 1.000000 -0.000000 0.000000
-0.000000 -0.000000 1.000000 -0.000000
0.000000 0.000000 -0.000000 1.000000
0.845299 0.487687 0.218245 0.000000
-0.042047 -0.346489 0.937111 0.000000
0.532636 -0.801316 -0.272381 -0.000000
-3.172206 -0.082249 -6.983212 1.000000
BoneName: mixamorig:LeftHandIndex1
BoneIndex: 29
BoneParentIndex: 79
ChildIndicesCount: 1
80
1.000000 0.000000 -0.000000 0.000000
0.000000 1.000000 -0.000000 0.000000
-0.000000 -0.000000 1.000000 -0.000000
0.000000 0.000000 -0.000000 1.000000
0.415880 0.909291 0.015297 0.000000
-0.005192 -0.014447 0.999882 0.000000
0.909405 -0.415910 -0.001287 -0.000000
-1.716389 -4.374067 -6.509632 1.000000
BoneName: mixamorig:RightHandThumb2
BoneIndex: 30
BoneParentIndex: 124
ChildIndicesCount: 1
125
1.000000 0.000000 -0.000000 0.000000
0.000000 1.000000 -0.000000 0.000000
-0.000000 -0.000000 1.000000 -0.000000
0.000000 0.000000 -0.000000 1.000000
0.850530 -0.440532 -0.287282 0.000000
0.051311 -0.474126 0.878961 0.000000
-0.523418 -0.762323 -0.380654 -0.000000
3.198293 0.659270 -6.989883 1.000000
BoneName: mixamorig:RightHandRing2
BoneIndex: 31
BoneParentIndex: 154
ChildIndicesCount: 1
155
1.000000 0.000000 -0.000000 0.000000
0.000000 1.000000 -0.000000 0.000000
-0.000000 -0.000000 1.000000 -0.000000
0.000000 0.000000 -0.000000 1.000000
-0.319910 -0.946157 -0.049444 0.000000
-0.032283 -0.041270 0.998626 0.000000
-0.946898 0.321067 -0.017342 -0.000000
-1.077933 -4.669796 -6.666467 1.000000
BoneName: mixamorig:RightHandIndex2
BoneIndex: 32
BoneParentIndex: 134
ChildIndicesCount: 1
135
1.000000 0.000000 -0.000000 0.000000
0.000000 1.000000 -0.000000 0.000000
-0.000000 -0.000000 1.000000 -0.000000
0.000000 0.000000 -0.000000 1.000000
0.338889 -0.939627 -0.047487 0.000000
0.012133 -0.046104 0.998863 0.000000
-0.940748 -0.339080 -0.004224 -0.000000
1.269525 -4.751148 -6.670114 1.000000
BoneName: mixamorig:RightHandThumb3
BoneIndex: 33
BoneParentIndex: 127
ChildIndicesCount: 1
128
1.000000 0.000000 -0.000000 0.000000
0.000000 1.000000 -0.000000 0.000000
-0.000000 -0.000000 1.000000 -0.000000
0.000000 0.000000 -0.000000 1.000000
0.850530 -0.482094 -0.210202 0.000000
0.051311 -0.321708 0.945448 0.000000
-0.523418 -0.814917 -0.248885 -0.000000
3.127443 -0.840765 -6.946673 1.000000
BoneName: mixamorig:RightHandMiddle2
BoneIndex: 34
BoneParentIndex: 144
ChildIndicesCount: 1
145
1.000000 0.000000 -0.000000 0.000000
0.000000 1.000000 -0.000000 0.000000
-0.000000 -0.000000 1.000000 -0.000000
0.000000 0.000000 -0.000000 1.000000
-0.034845 -0.998311 -0.046477 0.000000
-0.013689 -0.046024 0.998847 0.000000
-0.999299 0.035441 -0.012062 -0.000000
-0.114779 -4.906721 -6.671642 1.000000
BoneName: mixamorig:RightHandRing3
BoneIndex: 35
BoneParentIndex: 157
ChildIndicesCount: 1
158
1.000000 0.000000 -0.000000 0.000000
0.000000 1.000000 -0.000000 0.000000
-0.000000 -0.000000 1.000000 -0.000000
0.000000 0.000000 -0.000000 1.000000
-0.319910 -0.945748 -0.056733 0.000000
-0.032283 -0.048964 0.998279 0.000000
-0.946898 0.321191 -0.014868 -0.000000
-1.077363 -4.954488 -6.704842 1.000000
BoneName: mixamorig:RightHandIndex3
BoneIndex: 36
BoneParentIndex: 137
ChildIndicesCount: 1
138
1.000000 0.000000 -0.000000 0.000000
0.000000 1.000000 -0.000000 0.000000
-0.000000 -0.000000 1.000000 -0.000000
0.000000 0.000000 -0.000000 1.000000
0.338890 -0.940809 -0.005667 0.000000
0.012133 -0.001653 0.999925 0.000000
-0.940748 -0.338933 0.010855 -0.000000
1.269441 -5.378264 -6.437382 1.000000
BoneName: mixamorig:RightHandMiddle3
BoneIndex: 37
BoneParentIndex: 147
ChildIndicesCount: 1
148
1.000000 0.000000 -0.000000 0.000000
0.000000 1.000000 -0.000000 0.000000
-0.000000 -0.000000 1.000000 -0.000000
0.000000 0.000000 -0.000000 1.000000
-0.034845 -0.995944 0.082950 0.000000
-0.013689 0.083468 0.996416 0.000000
-0.999299 0.033585 -0.016542 -0.000000
-0.114918 -6.115587 -5.930923 1.000000
BoneName: mixamorig:LeftHandThumb3
BoneIndex: 38
BoneParentIndex: 75
ChildIndicesCount: 1
76
1.000000 0.000000 -0.000000 0.000000
0.000000 1.000000 -0.000000 0.000000
-0.000000 -0.000000 1.000000 -0.000000
0.000000 0.000000 -0.000000 1.000000
0.845299 0.480906 0.232806 0.000000
-0.042047 -0.374501 0.926273 0.000000
0.532636 -0.792766 -0.296345 -0.000000
-3.153462 -0.511103 -6.963970 1.000000
BoneName: mixamorig:LeftHandThumb2
BoneIndex: 39
BoneParentIndex: 72
ChildIndicesCount: 1
73
1.000000 0.000000 -0.000000 0.000000
0.000000 1.000000 -0.000000 0.000000
-0.000000 -0.000000 1.000000 -0.000000
0.000000 0.000000 -0.000000 1.000000
0.845299 0.460296 0.271287 0.000000
-0.042046 -0.448867 0.892609 0.000000
0.532636 -0.765928 -0.360073 -0.000000
-3.223415 0.397512 -6.982451 1.000000
BoneName: mixamorig:LeftHandRing2
BoneIndex: 40
BoneParentIndex: 102
ChildIndicesCount: 1
103
1.000000 0.000000 -0.000000 0.000000
0.000000 1.000000 -0.000000 0.000000
-0.000000 -0.000000 1.000000 -0.000000
0.000000 0.000000 -0.000000 1.000000
-0.265191 0.963248 0.042745 0.000000
0.040249 -0.033235 0.998637 0.000000
0.963356 0.266550 -0.029956 -0.000000
0.744427 -4.855720 -6.629894 1.000000
BoneName: mixamorig:LeftHandIndex2
BoneIndex: 41
BoneParentIndex: 82
ChildIndicesCount: 1
83
1.000000 0.000000 -0.000000 0.000000
0.000000 1.000000 -0.000000 0.000000
-0.000000 -0.000000 1.000000 -0.000000
0.000000 0.000000 -0.000000 1.000000
0.415879 0.907957 0.051552 0.000000
-0.005192 -0.054316 0.998510 0.000000
0.909405 -0.415527 -0.017875 -0.000000
-1.716386 -4.474994 -6.693443 1.000000
BoneName: mixamorig:LeftHandMiddle2
BoneIndex: 42
BoneParentIndex: 92
ChildIndicesCount: 1
93
1.000000 0.000000 -0.000000 0.000000
0.000000 1.000000 -0.000000 0.000000
-0.000000 -0.000000 1.000000 -0.000000
0.000000 0.000000 -0.000000 1.000000
-0.028764 0.998539 0.045733 0.000000
0.025782 -0.044996 0.998654 0.000000
0.999254 0.029905 -0.024450 -0.000000
0.009872 -4.947927 -6.672351 1.000000
BoneName: mixamorig:LeftHandRing3
BoneIndex: 43
BoneParentIndex: 105
ChildIndicesCount: 1
106
1.000000 0.000000 -0.000000 0.000000
0.000000 1.000000 -0.000000 0.000000
-0.000000 -0.000000 1.000000 -0.000000
0.000000 0.000000 -0.000000 1.000000
-0.265191 0.922439 0.280677 0.000000
0.040249 -0.280255 0.959081 0.000000
0.963356 0.265636 0.037194 -0.000000
0.743180 -3.355487 -7.704889 1.000000
BoneName: mixamorig:LeftHandIndex3
BoneIndex: 44
BoneParentIndex: 85
ChildIndicesCount: 1
86
1.000000 0.000000 -0.000000 0.000000
0.000000 1.000000 -0.000000 0.000000
-0.000000 -0.000000 1.000000 -0.000000
0.000000 0.000000 -0.000000 1.000000
0.415879 0.908556 -0.039632 0.000000
-0.005192 0.045950 0.998930 0.000000
0.909405 -0.415229 0.023827 -0.000000
-1.716555 -5.501957 -6.173497 1.000000
BoneName: mixamorig:LeftHandMiddle3
BoneIndex: 45
BoneParentIndex: 95
ChildIndicesCount: 1
96
1.000000 0.000000 -0.000000 0.000000
0.000000 1.000000 -0.000000 0.000000
-0.000000 -0.000000 1.000000 -0.000000
0.000000 0.000000 -0.000000 1.000000
-0.028764 0.972946 -0.229235 0.000000
0.025782 0.229976 0.972855 0.000000
0.999254 0.022073 -0.031700 -0.000000
0.010181 -6.940835 -4.962574 1.000000
BoneName: RootNode
BoneIndex: 46
BoneParentIndex: -1
ChildIndicesCount: 2
47
0
1.000000 0.000000 -0.000000 0.000000
0.000000 1.000000 -0.000000 0.000000
-0.000000 -0.000000 1.000000 -0.000000
0.000000 0.000000 -0.000000 1.000000
1.000000 0.000000 0.000000 0.000000
0.000000 1.000000 0.000000 0.000000
0.000000 0.000000 1.000000 0.000000
0.000000 0.000000 0.000000 1.000000
BoneName: Ch14
BoneIndex: 47
BoneParentIndex: 46
ChildIndicesCount: 0
1.000000 0.000000 -0.000000 0.000000
0.000000 1.000000 -0.000000 0.000000
-0.000000 -0.000000 1.000000 -0.000000
0.000000 0.000000 -0.000000 1.000000
1.000000 0.000000 0.000000 0.000000
0.000000 1.000000 0.000000 0.000000
0.000000 0.000000 1.000000 0.000000
0.000000 0.000000 0.000000 1.000000
BoneName: mixamorig:Spine_$AssimpFbx$_Translation
BoneIndex: 48
BoneParentIndex: 0
ChildIndicesCount: 1
49
1.000000 0.000000 -0.000000 0.000000
0.000000 1.000000 -0.000000 0.000000
-0.000000 -0.000000 1.000000 -0.000000
0.000000 0.687606 -0.012566 1.000000
1.000000 0.000000 0.000000 0.000000
0.000000 1.000000 0.000000 0.000000
0.000000 0.000000 1.000000 0.000000
0.000000 0.000000 0.000000 1.000000
BoneName: mixamorig:Spine_$AssimpFbx$_PreRotation
BoneIndex: 49
BoneParentIndex: 48
ChildIndicesCount: 1
50
1.000000 0.000000 -0.000000 0.000000
0.000000 0.999833 -0.018272 0.000000
-0.000000 0.018272 0.999833 -0.000000
0.000000 0.000000 -0.000000 1.000000
1.000000 0.000000 0.000000 0.000000
0.000000 1.000000 0.000000 0.000000
0.000000 0.000000 1.000000 0.000000
0.000000 0.000000 0.000000 1.000000
BoneName: mixamorig:Spine_$AssimpFbx$_Rotation
BoneIndex: 50
BoneParentIndex: 49
ChildIndicesCount: 1
2
1.000000 0.000000 -0.000000 0.000000
0.000000 1.000000 -0.000000 0.000000
-0.000000 -0.000000 1.000000 -0.000000
0.000000 0.000000 -0.000000 1.000000
1.000000 0.000000 0.000000 0.000000
0.000000 1.000000 0.000000 0.000000
0.000000 0.000000 1.000000 0.000000
0.000000 0.000000 0.000000 1.000000
BoneName: mixamorig:Neck_$AssimpFbx$_Translation
BoneIndex: 51
BoneParentIndex: 5
ChildIndicesCount: 1
52
1.000000 0.000000 -0.000000 0.000000
0.000000 1.000000 -0.000000 0.000000
-0.000000 -0.000000 1.000000 -0.000000
0.000000 1.031580 0.000000 1.000000
1.000000 0.000000 0.000000 0.000000
0.000000 1.000000 0.000000 0.000000
0.000000 0.000000 1.000000 0.000000
0.000000 0.000000 0.000000 1.000000
BoneName: mixamorig:Neck_$AssimpFbx$_PreRotation
BoneIndex: 52
BoneParentIndex: 51
ChildIndicesCount: 1
53
1.000000 0.000000 -0.000000 0.000000
0.000000 0.999833 0.018272 0.000000
-0.000000 -0.018272 0.999833 -0.000000
0.000000 0.000000 -0.000000 1.000000
1.000000 0.000000 0.000000 0.000000
0.000000 1.000000 0.000000 0.000000
0.000000 0.000000 1.000000 0.000000
0.000000 0.000000 0.000000 1.000000
BoneName: mixamorig:Neck_$AssimpFbx$_Rotation
BoneIndex: 53
BoneParentIndex: 52
ChildIndicesCount: 1
4
1.000000 0.000000 -0.000000 0.000000
0.000000 1.000000 -0.000000 0.000000
-0.000000 -0.000000 1.000000 -0.000000
0.000000 0.000000 -0.000000 1.000000
1.000000 0.000000 0.000000 0.000000
0.000000 1.000000 0.000000 0.000000
0.000000 0.000000 1.000000 0.000000
0.000000 0.000000 0.000000 1.000000
BoneName: mixamorig:HeadTop_End
BoneIndex: 54
BoneParentIndex: 3
ChildIndicesCount: 0
1.000000 0.000000 -0.000000 0.000000
0.000000 1.000000 -0.000000 0.000000
-0.000000 -0.000000 1.000000 -0.000000
0.000000 4.378860 1.361964 1.000000
1.000000 0.000000 0.000000 0.000000
0.000000 1.000000 0.000000 0.000000
0.000000 0.000000 1.000000 0.000000
0.000000 0.000000 0.000000 1.000000
BoneName: mixamorig:LeftShoulder_$AssimpFbx$_Translation
BoneIndex: 55
BoneParentIndex: 5
ChildIndicesCount: 1
56
1.000000 0.000000 -0.000000 0.000000
0.000000 1.000000 -0.000000 0.000000
-0.000000 -0.000000 1.000000 -0.000000
0.439216 0.882674 -0.001371 1.000000
1.000000 0.000000 0.000000 0.000000
0.000000 1.000000 0.000000 0.000000
0.000000 0.000000 1.000000 0.000000
0.000000 0.000000 0.000000 1.000000
BoneName: mixamorig:LeftShoulder_$AssimpFbx$_PreRotation
BoneIndex: 56
BoneParentIndex: 55
ChildIndicesCount: 1
57
0.003112 0.000005 0.999995 0.000000
0.947181 -0.320686 -0.002946 0.000000
0.320685 0.947186 -0.001003 -0.000000
0.000000 0.000000 -0.000000 1.000000
1.000000 0.000000 0.000000 0.000000
0.000000 1.000000 0.000000 0.000000
0.000000 0.000000 1.000000 0.000000
0.000000 0.000000 0.000000 1.000000
BoneName: mixamorig:LeftShoulder_$AssimpFbx$_Rotation
BoneIndex: 57
BoneParentIndex: 56
ChildIndicesCount: 1
18
1.000000 0.000000 -0.000000 0.000000
0.000000 1.000000 -0.000000 0.000000
-0.000000 -0.000000 1.000000 -0.000000
0.000000 0.000000 -0.000000 1.000000
1.000000 0.000000 0.000000 0.000000
0.000000 1.000000 0.000000 0.000000
0.000000 0.000000 1.000000 0.000000
0.000000 0.000000 0.000000 1.000000
BoneName: mixamorig:LeftArm_$AssimpFbx$_Translation
BoneIndex: 58
BoneParentIndex: 18
ChildIndicesCount: 1
59
1.000000 0.000000 -0.000000 0.000000
0.000000 1.000000 -0.000000 0.000000
-0.000000 -0.000000 1.000000 -0.000000
-0.000000 0.926422 -0.000000 1.000000
1.000000 0.000000 0.000000 0.000000
0.000000 1.000000 0.000000 0.000000
0.000000 0.000000 1.000000 0.000000
0.000000 0.000000 0.000000 1.000000
BoneName: mixamorig:LeftArm_$AssimpFbx$_PreRotation
BoneIndex: 59
BoneParentIndex: 58
ChildIndicesCount: 1
60
0.996825 -0.079627 -0.000000 0.000000
0.077526 0.970514 0.228238 0.000000
-0.018174 -0.227513 0.973605 -0.000000
0.000000 0.000000 -0.000000 1.000000
1.000000 0.000000 0.000000 0.000000
0.000000 1.000000 0.000000 0.000000
0.000000 0.000000 1.000000 0.000000
0.000000 0.000000 0.000000 1.000000
BoneName: mixamorig:LeftArm_$AssimpFbx$_Rotation
BoneIndex: 60
BoneParentIndex: 59
ChildIndicesCount: 1
19
1.000000 0.000000 -0.000000 0.000000
0.000000 1.000000 -0.000000 0.000000
-0.000000 -0.000000 1.000000 -0.000000
0.000000 0.000000 -0.000000 1.000000
1.000000 0.000000 0.000000 0.000000
0.000000 1.000000 0.000000 0.000000
0.000000 0.000000 1.000000 0.000000
0.000000 0.000000 0.000000 1.000000
BoneName: mixamorig:LeftForeArm_$AssimpFbx$_Translation
BoneIndex: 61
BoneParentIndex: 19
ChildIndicesCount: 1
62
1.000000 0.000000 -0.000000 0.000000
0.000000 1.000000 -0.000000 0.000000
-0.000000 -0.000000 1.000000 -0.000000
-0.000000 0.851285 0.000000 1.000000
1.000000 0.000000 0.000000 0.000000
0.000000 1.000000 0.000000 0.000000
0.000000 0.000000 1.000000 0.000000
0.000000 0.000000 0.000000 1.000000
BoneName: mixamorig:LeftForeArm_$AssimpFbx$_PreRotation
BoneIndex: 62
BoneParentIndex: 61
ChildIndicesCount: 1
63
0.996693 0.081254 -0.000000 0.000000
-0.080351 0.985613 0.148696 0.000000
0.012082 -0.148205 0.988883 -0.000000
0.000000 0.000000 -0.000000 1.000000
1.000000 0.000000 0.000000 0.000000
0.000000 1.000000 0.000000 0.000000
0.000000 0.000000 1.000000 0.000000
0.000000 0.000000 0.000000 1.000000
BoneName: mixamorig:LeftForeArm_$AssimpFbx$_Rotation
BoneIndex: 63
BoneParentIndex: 62
ChildIndicesCount: 1
20
1.000000 0.000000 -0.000000 0.000000
0.000000 1.000000 -0.000000 0.000000
-0.000000 -0.000000 1.000000 -0.000000
0.000000 0.000000 -0.000000 1.000000
1.000000 0.000000 0.000000 0.000000
0.000000 1.000000 0.000000 0.000000
0.000000 0.000000 1.000000 0.000000
0.000000 0.000000 0.000000 1.000000
BoneName: mixamorig:LeftHand_$AssimpFbx$_Translation
BoneIndex: 64
BoneParentIndex: 20
ChildIndicesCount: 1
65
1.000000 0.000000 -0.000000 0.000000
0.000000 1.000000 -0.000000 0.000000
-0.000000 -0.000000 1.000000 -0.000000
-0.000000 1.848475 0.000000 1.000000
1.000000 0.000000 0.000000 0.000000
0.000000 1.000000 0.000000 0.000000
0.000000 0.000000 1.000000 0.000000
0.000000 0.000000 0.000000 1.000000
BoneName: mixamorig:LeftHand_$AssimpFbx$_PreRotation
BoneIndex: 65
BoneParentIndex: 64
ChildIndicesCount: 1
66
0.999806 -0.016515 -0.010749 0.000000
0.015145 0.993022 -0.116950 0.000000
0.012606 0.116764 0.993080 -0.000000
0.000000 0.000000 -0.000000 1.000000
1.000000 0.000000 0.000000 0.000000
0.000000 1.000000 0.000000 0.000000
0.000000 0.000000 1.000000 0.000000
0.000000 0.000000 0.000000 1.000000
BoneName: mixamorig:LeftHand_$AssimpFbx$_Rotation
BoneIndex: 66
BoneParentIndex: 65
ChildIndicesCount: 1
27
1.000000 0.000000 -0.000000 0.000000
0.000000 1.000000 -0.000000 0.000000
-0.000000 -0.000000 1.000000 -0.000000
0.000000 0.000000 -0.000000 1.000000
1.000000 0.000000 0.000000 0.000000
0.000000 1.000000 0.000000 0.000000
0.000000 0.000000 1.000000 0.000000
0.000000 0.000000 0.000000 1.000000
BoneName: mixamorig:LeftHandThumb1_$AssimpFbx$_Translation
BoneIndex: 67
BoneParentIndex: 27
ChildIndicesCount: 1
68
1.000000 0.000000 -0.000000 0.000000
0.000000 1.000000 -0.000000 0.000000
-0.000000 -0.000000 1.000000 -0.000000
-0.272977 0.243702 -0.111234 1.000000
1.000000 0.000000 0.000000 0.000000
0.000000 1.000000 0.000000 0.000000
0.000000 0.000000 1.000000 0.000000
0.000000 0.000000 0.000000 1.000000
BoneName: mixamorig:LeftHandThumb1_$AssimpFbx$_PreRotation
BoneIndex: 68
BoneParentIndex: 67
ChildIndicesCount: 1
69
0.525224 0.850964 0.000000 0.000000
-0.813096 0.501852 -0.294992 0.000000
-0.251028 0.154937 0.955500 -0.000000
0.000000 0.000000 -0.000000 1.000000
1.000000 0.000000 0.000000 0.000000
0.000000 1.000000 0.000000 0.000000
0.000000 0.000000 1.000000 0.000000
0.000000 0.000000 0.000000 1.000000
BoneName: mixamorig:LeftHandThumb1_$AssimpFbx$_Rotation
BoneIndex: 69
BoneParentIndex: 68
ChildIndicesCount: 1
28
1.000000 0.000000 -0.000000 0.000000
0.000000 1.000000 -0.000000 0.000000
-0.000000 -0.000000 1.000000 -0.000000
0.000000 0.000000 -0.000000 1.000000
1.000000 0.000000 0.000000 0.000000
0.000000 1.000000 0.000000 0.000000
0.000000 0.000000 1.000000 0.000000
0.000000 0.000000 0.000000 1.000000
BoneName: mixamorig:LeftHandThumb2_$AssimpFbx$_Translation
BoneIndex: 70
BoneParentIndex: 28
ChildIndicesCount: 1
71
1.000000 0.000000 -0.000000 0.000000
0.000000 1.000000 -0.000000 0.000000
-0.000000 -0.000000 1.000000 -0.000000
0.051206 0.301657 0.000000 1.000000
1.000000 0.000000 0.000000 0.000000
0.000000 1.000000 0.000000 0.000000
0.000000 0.000000 1.000000 0.000000
0.000000 0.000000 0.000000 1.000000
BoneName: mixamorig:LeftHandThumb2_$AssimpFbx$_PreRotation
BoneIndex: 71
BoneParentIndex: 70
ChildIndicesCount: 1
72
1.000000 0.000000 -0.000000 0.000000
0.000000 0.993758 -0.111557 0.000000
-0.000000 0.111557 0.993758 -0.000000
0.000000 0.000000 -0.000000 1.000000
1.000000 0.000000 0.000000 0.000000
0.000000 1.000000 0.000000 0.000000
0.000000 0.000000 1.000000 0.000000
0.000000 0.000000 0.000000 1.000000
BoneName: mixamorig:LeftHandThumb2_$AssimpFbx$_Rotation
BoneIndex: 72
BoneParentIndex: 71
ChildIndicesCount: 1
39
1.000000 0.000000 -0.000000 0.000000
0.000000 1.000000 -0.000000 0.000000
-0.000000 -0.000000 1.000000 -0.000000
0.000000 0.000000 -0.000000 1.000000
1.000000 0.000000 0.000000 0.000000
0.000000 1.000000 0.000000 0.000000
0.000000 0.000000 1.000000 0.000000
0.000000 0.000000 0.000000 1.000000
BoneName: mixamorig:LeftHandThumb3_$AssimpFbx$_Translation
BoneIndex: 73
BoneParentIndex: 39
ChildIndicesCount: 1
74
1.000000 0.000000 -0.000000 0.000000
0.000000 1.000000 -0.000000 0.000000
-0.000000 -0.000000 1.000000 -0.000000
-0.069950 0.338409 -0.000000 1.000000
1.000000 0.000000 0.000000 0.000000
0.000000 1.000000 0.000000 0.000000
0.000000 0.000000 1.000000 0.000000
0.000000 0.000000 0.000000 1.000000
BoneName: mixamorig:LeftHandThumb3_$AssimpFbx$_PreRotation
BoneIndex: 74
BoneParentIndex: 73
ChildIndicesCount: 1
75
1.000000 0.000000 -0.000000 0.000000
0.000000 0.996662 0.081635 0.000000
-0.000000 -0.081635 0.996662 -0.000000
0.000000 0.000000 -0.000000 1.000000
1.000000 0.000000 0.000000 0.000000
0.000000 1.000000 0.000000 0.000000
0.000000 0.000000 1.000000 0.000000
0.000000 0.000000 0.000000 1.000000
BoneName: mixamorig:LeftHandThumb3_$AssimpFbx$_Rotation
BoneIndex: 75
BoneParentIndex: 74
ChildIndicesCount: 1
38
1.000000 0.000000 -0.000000 0.000000
0.000000 1.000000 -0.000000 0.000000
-0.000000 -0.000000 1.000000 -0.000000
0.000000 0.000000 -0.000000 1.000000
1.000000 0.000000 0.000000 0.000000
0.000000 1.000000 0.000000 0.000000
0.000000 0.000000 1.000000 0.000000
0.000000 0.000000 0.000000 1.000000
BoneName: mixamorig:LeftHandThumb4
BoneIndex: 76
BoneParentIndex: 38
ChildIndicesCount: 0
1.000000 0.000000 -0.000000 0.000000
0.000000 1.000000 -0.000000 0.000000
-0.000000 -0.000000 1.000000 -0.000000
0.018744 0.217660 0.000000 1.000000
1.000000 0.000000 0.000000 0.000000
0.000000 1.000000 0.000000 0.000000
0.000000 0.000000 1.000000 0.000000
0.000000 0.000000 0.000000 1.000000
BoneName: mixamorig:LeftHandIndex1_$AssimpFbx$_Translation
BoneIndex: 77
BoneParentIndex: 27
ChildIndicesCount: 1
78
1.000000 0.000000 -0.000000 0.000000
0.000000 1.000000 -0.000000 0.000000
-0.000000 -0.000000 1.000000 -0.000000
-0.263988 0.784193 -0.021800 1.000000
1.000000 0.000000 0.000000 0.000000
0.000000 1.000000 0.000000 0.000000
0.000000 0.000000 1.000000 0.000000
0.000000 0.000000 0.000000 1.000000
BoneName: mixamorig:LeftHandIndex1_$AssimpFbx$_PreRotation
BoneIndex: 78
BoneParentIndex: 77
ChildIndicesCount: 1
79
0.905926 0.423435 -0.000000 0.000000
-0.422810 0.904589 0.054322 0.000000
0.023002 -0.049211 0.998523 -0.000000
0.000000 0.000000 -0.000000 1.000000
1.000000 0.000000 0.000000 0.000000
0.000000 1.000000 0.000000 0.000000
0.000000 0.000000 1.000000 0.000000
0.000000 0.000000 0.000000 1.000000
BoneName: mixamorig:LeftHandIndex1_$AssimpFbx$_Rotation
BoneIndex: 79
BoneParentIndex: 78
ChildIndicesCount: 1
29
1.000000 0.000000 -0.000000 0.000000
0.000000 1.000000 -0.000000 0.000000
-0.000000 -0.000000 1.000000 -0.000000
0.000000 0.000000 -0.000000 1.000000
1.000000 0.000000 0.000000 0.000000
0.000000 1.000000 0.000000 0.000000
0.000000 0.000000 1.000000 0.000000
0.000000 0.000000 0.000000 1.000000
BoneName: mixamorig:LeftHandIndex2_$AssimpFbx$_Translation
BoneIndex: 80
BoneParentIndex: 29
ChildIndicesCount: 1
81
1.000000 0.000000 -0.000000 0.000000
0.000000 1.000000 -0.000000 0.000000
-0.000000 -0.000000 1.000000 -0.000000
0.000000 0.364335 -0.000000 1.000000
1.000000 0.000000 0.000000 0.000000
0.000000 1.000000 0.000000 0.000000
0.000000 0.000000 1.000000 0.000000
0.000000 0.000000 0.000000 1.000000
BoneName: mixamorig:LeftHandIndex2_$AssimpFbx$_PreRotation
BoneIndex: 81
BoneParentIndex: 80
ChildIndicesCount: 1
82
1.000000 0.000000 -0.000000 0.000000
0.000000 0.999204 -0.039885 0.000000
-0.000000 0.039885 0.999204 -0.000000
0.000000 0.000000 -0.000000 1.000000
1.000000 0.000000 0.000000 0.000000
0.000000 1.000000 0.000000 0.000000
0.000000 0.000000 1.000000 0.000000
0.000000 0.000000 0.000000 1.000000
BoneName: mixamorig:LeftHandIndex2_$AssimpFbx$_Rotation
BoneIndex: 82
BoneParentIndex: 81
ChildIndicesCount: 1
41
1.000000 0.000000 -0.000000 0.000000
0.000000 1.000000 -0.000000 0.000000
-0.000000 -0.000000 1.000000 -0.000000
0.000000 0.000000 -0.000000 1.000000
1.000000 0.000000 0.000000 0.000000
0.000000 1.000000 0.000000 0.000000
0.000000 0.000000 1.000000 0.000000
0.000000 0.000000 0.000000 1.000000
BoneName: mixamorig:LeftHandIndex3_$AssimpFbx$_Translation
BoneIndex: 83
BoneParentIndex: 41
ChildIndicesCount: 1
84
1.000000 0.000000 -0.000000 0.000000
0.000000 1.000000 -0.000000 0.000000
-0.000000 -0.000000 1.000000 -0.000000
0.000166 0.381076 -0.000000 1.000000
1.000000 0.000000 0.000000 0.000000
0.000000 1.000000 0.000000 0.000000
0.000000 0.000000 1.000000 0.000000
0.000000 0.000000 0.000000 1.000000
BoneName: mixamorig:LeftHandIndex3_$AssimpFbx$_PreRotation
BoneIndex: 84
BoneParentIndex: 83
ChildIndicesCount: 1
85
1.000000 0.000000 -0.000000 0.000000
0.000000 0.994973 0.100142 0.000000
-0.000000 -0.100142 0.994973 -0.000000
0.000000 0.000000 -0.000000 1.000000
1.000000 0.000000 0.000000 0.000000
0.000000 1.000000 0.000000 0.000000
0.000000 0.000000 1.000000 0.000000
0.000000 0.000000 0.000000 1.000000
BoneName: mixamorig:LeftHandIndex3_$AssimpFbx$_Rotation
BoneIndex: 85
BoneParentIndex: 84
ChildIndicesCount: 1
44
1.000000 0.000000 -0.000000 0.000000
0.000000 1.000000 -0.000000 0.000000
-0.000000 -0.000000 1.000000 -0.000000
0.000000 0.000000 -0.000000 1.000000
1.000000 0.000000 0.000000 0.000000
0.000000 1.000000 0.000000 0.000000
0.000000 0.000000 1.000000 0.000000
0.000000 0.000000 0.000000 1.000000
BoneName: mixamorig:LeftHandIndex4
BoneIndex: 86
BoneParentIndex: 44
ChildIndicesCount: 0
1.000000 0.000000 -0.000000 0.000000
0.000000 1.000000 -0.000000 0.000000
-0.000000 -0.000000 1.000000 -0.000000
-0.000166 0.240367 -0.000000 1.000000
1.000000 0.000000 0.000000 0.000000
0.000000 1.000000 0.000000 0.000000
0.000000 0.000000 1.000000 0.000000
0.000000 0.000000 0.000000 1.000000
BoneName: mixamorig:LeftHandMiddle1_$AssimpFbx$_Translation
BoneIndex: 87
BoneParentIndex: 27
ChildIndicesCount: 1
88
1.000000 0.000000 -0.000000 0.000000
0.000000 1.000000 -0.000000 0.000000
-0.000000 -0.000000 1.000000 -0.000000
-0.032793 0.855253 0.029888 1.000000
1.000000 0.000000 0.000000 0.000000
0.000000 1.000000 0.000000 0.000000
0.000000 0.000000 1.000000 0.000000
0.000000 0.000000 0.000000 1.000000
BoneName: mixamorig:LeftHandMiddle1_$AssimpFbx$_PreRotation
BoneIndex: 88
BoneParentIndex: 87
ChildIndicesCount: 1
89
0.999770 -0.021462 -0.000000 0.000000
0.021419 0.997790 -0.062907 0.000000
0.001350 0.062892 0.998019 -0.000000
0.000000 0.000000 -0.000000 1.000000
1.000000 0.000000 0.000000 0.000000
0.000000 1.000000 0.000000 0.000000
0.000000 0.000000 1.000000 0.000000
0.000000 0.000000 0.000000 1.000000
BoneName: mixamorig:LeftHandMiddle1_$AssimpFbx$_Rotation
BoneIndex: 89
BoneParentIndex: 88
ChildIndicesCount: 1
25
1.000000 0.000000 -0.000000 0.000000
0.000000 1.000000 -0.000000 0.000000
-0.000000 -0.000000 1.000000 -0.000000
0.000000 0.000000 -0.000000 1.000000
1.000000 0.000000 0.000000 0.000000
0.000000 1.000000 0.000000 0.000000
0.000000 0.000000 1.000000 0.000000
0.000000 0.000000 0.000000 1.000000
BoneName: mixamorig:LeftHandMiddle2_$AssimpFbx$_Translation
BoneIndex: 90
BoneParentIndex: 25
ChildIndicesCount: 1
91
1.000000 0.000000 -0.000000 0.000000
0.000000 1.000000 -0.000000 0.000000
-0.000000 -0.000000 1.000000 -0.000000
-0.001132 0.386157 -0.000000 1.000000
1.000000 0.000000 0.000000 0.000000
0.000000 1.000000 0.000000 0.000000
0.000000 0.000000 1.000000 0.000000
0.000000 0.000000 0.000000 1.000000
BoneName: mixamorig:LeftHandMiddle2_$AssimpFbx$_PreRotation
BoneIndex: 91
BoneParentIndex: 90
ChildIndicesCount: 1
92
1.000000 0.000000 -0.000000 0.000000
0.000000 0.996646 0.081830 0.000000
-0.000000 -0.081830 0.996646 -0.000000
0.000000 0.000000 -0.000000 1.000000
1.000000 0.000000 0.000000 0.000000
0.000000 1.000000 0.000000 0.000000
0.000000 0.000000 1.000000 0.000000
0.000000 0.000000 0.000000 1.000000
BoneName: mixamorig:LeftHandMiddle2_$AssimpFbx$_Rotation
BoneIndex: 92
BoneParentIndex: 91
ChildIndicesCount: 1
42
1.000000 0.000000 -0.000000 0.000000
0.000000 1.000000 -0.000000 0.000000
-0.000000 -0.000000 1.000000 -0.000000
0.000000 0.000000 -0.000000 1.000000
1.000000 0.000000 0.000000 0.000000
0.000000 1.000000 0.000000 0.000000
0.000000 0.000000 1.000000 0.000000
0.000000 0.000000 0.000000 1.000000
BoneName: mixamorig:LeftHandMiddle3_$AssimpFbx$_Translation
BoneIndex: 93
BoneParentIndex: 42
ChildIndicesCount: 1
94
1.000000 0.000000 -0.000000 0.000000
0.000000 1.000000 -0.000000 0.000000
-0.000000 -0.000000 1.000000 -0.000000
-0.000310 0.370156 0.000000 1.000000
1.000000 0.000000 0.000000 0.000000
0.000000 1.000000 0.000000 0.000000
0.000000 0.000000 1.000000 0.000000
0.000000 0.000000 0.000000 1.000000
BoneName: mixamorig:LeftHandMiddle3_$AssimpFbx$_PreRotation
BoneIndex: 94
BoneParentIndex: 93
ChildIndicesCount: 1
95
1.000000 0.000000 -0.000000 0.000000
0.000000 0.961837 0.273624 0.000000
-0.000000 -0.273624 0.961837 -0.000000
0.000000 0.000000 -0.000000 1.000000
1.000000 0.000000 0.000000 0.000000
0.000000 1.000000 0.000000 0.000000
0.000000 0.000000 1.000000 0.000000
0.000000 0.000000 0.000000 1.000000
BoneName: mixamorig:LeftHandMiddle3_$AssimpFbx$_Rotation
BoneIndex: 95
BoneParentIndex: 94
ChildIndicesCount: 1
45
1.000000 0.000000 -0.000000 0.000000
0.000000 1.000000 -0.000000 0.000000
-0.000000 -0.000000 1.000000 -0.000000
0.000000 0.000000 -0.000000 1.000000
1.000000 0.000000 0.000000 0.000000
0.000000 1.000000 0.000000 0.000000
0.000000 0.000000 1.000000 0.000000
0.000000 0.000000 0.000000 1.000000
BoneName: mixamorig:LeftHandMiddle4
BoneIndex: 96
BoneParentIndex: 45
ChildIndicesCount: 0
1.000000 0.000000 -0.000000 0.000000
0.000000 1.000000 -0.000000 0.000000
-0.000000 -0.000000 1.000000 -0.000000
0.001442 0.232253 0.000000 1.000000
1.000000 0.000000 0.000000 0.000000
0.000000 1.000000 0.000000 0.000000
0.000000 0.000000 1.000000 0.000000
0.000000 0.000000 0.000000 1.000000
BoneName: mixamorig:LeftHandRing1_$AssimpFbx$_Translation
BoneIndex: 97
BoneParentIndex: 27
ChildIndicesCount: 1
98
1.000000 0.000000 -0.000000 0.000000
0.000000 1.000000 -0.000000 0.000000
-0.000000 -0.000000 1.000000 -0.000000
0.296782 0.855427 -0.007780 1.000000
1.000000 0.000000 0.000000 0.000000
0.000000 1.000000 0.000000 0.000000
0.000000 0.000000 1.000000 0.000000
0.000000 0.000000 0.000000 1.000000
BoneName: mixamorig:LeftHandRing1_$AssimpFbx$_PreRotation
BoneIndex: 98
BoneParentIndex: 97
ChildIndicesCount: 1
99
0.965974 -0.258640 -0.000000 0.000000
0.258419 0.965152 -0.041255 0.000000
0.010670 0.039851 0.999149 -0.000000
0.000000 0.000000 -0.000000 1.000000
1.000000 0.000000 0.000000 0.000000
0.000000 1.000000 0.000000 0.000000
0.000000 0.000000 1.000000 0.000000
0.000000 0.000000 0.000000 1.000000
BoneName: mixamorig:LeftHandRing1_$AssimpFbx$_Rotation
BoneIndex: 99
BoneParentIndex: 98
ChildIndicesCount: 1
26
1.000000 0.000000 -0.000000 0.000000
0.000000 1.000000 -0.000000 0.000000
-0.000000 -0.000000 1.000000 -0.000000
0.000000 0.000000 -0.000000 1.000000
1.000000 0.000000 0.000000 0.000000
0.000000 1.000000 0.000000 0.000000
0.000000 0.000000 1.000000 0.000000
0.000000 0.000000 0.000000 1.000000
