BonesCount: 211
BoneName: mixamorig:Spine2
BoneIndex: 0
BoneParentIndex: 2
ChildIndicesCount: 3
57
61
123
1.000000 0.000000 -0.000000 0.000000
0.000000 1.000000 -0.000000 0.000000
-0.000000 -0.000000 1.000000 -0.000000
0.000000 1.467785 -0.000000 1.000000
1.000000 0.000000 -0.000000 0.000000
0.000000 0.996489 -0.083723 0.000000
-0.000000 0.083723 0.996489 -0.000000
-0.000056 -13.142362 1.002575 1.000000
BoneName: mixamorig:Spine
BoneIndex: 1
BoneParentIndex: 56
ChildIndicesCount: 1
2
1.000000 0.000000 -0.000000 0.000000
0.000000 1.000000 -0.000000 0.000000
-0.000000 -0.000000 1.000000 -0.000000
0.000000 0.000000 -0.000000 1.000000
1.000000 0.000000 -0.000000 0.000000
0.000000 0.996489 -0.083723 0.000000
-0.000000 0.083723 0.996489 -0.000000
-0.000056 -10.390267 1.002577 1.000000
BoneName: mixamorig:Spine1
BoneIndex: 2
BoneParentIndex: 1
ChildIndicesCount: 1
0
1.000000 0.000000 -0.000000 0.000000
0.000000 1.000000 -0.000000 0.000000
-0.000000 -0.000000 1.000000 -0.000000
0.000000 1.284309 -0.000000 1.000000
1.000000 0.000000 -0.000000 0.000000
0.000000 0.996489 -0.083723 0.000000
-0.000000 0.083723 0.996489 -0.000000
-0.000056 -11.674576 1.002575 1.000000
BoneName: mixamorig:Hips
BoneIndex: 3
BoneParentIndex: 52
ChildIndicesCount: 3
54
185
198
1.000000 0.000000 -0.000000 0.000000
0.000000 1.000000 -0.000000 0.000000
-0.000000 -0.000000 1.000000 -0.000000
0.000056 9.340755 -0.221315 1.000000
1.000000 0.000000 -0.000000 0.000000
0.000000 1.000000 -0.000000 0.000000
-0.000000 -0.000000 1.000000 -0.000000
-0.000056 -9.340755 0.221315 1.000000
BoneName: mixamorig:RightShoulder
BoneIndex: 4
BoneParentIndex: 125
ChildIndicesCount: 1
126
1.000000 0.000000 -0.000000 0.000000
0.000000 1.000000 -0.000000 0.000000
-0.000000 -0.000000 1.000000 -0.000000
0.000000 0.000000 -0.000000 1.000000
-0.028709 -0.937019 -0.348097 0.000000
0.083138 -0.349272 0.933326 0.000000
-0.996124 -0.002145 0.087929 -0.000000
-0.994893 4.444510 -13.868700 1.000000
BoneName: mixamorig:RightArm
BoneIndex: 5
BoneParentIndex: 128
ChildIndicesCount: 1
129
1.000000 0.000000 -0.000000 0.000000
0.000000 1.000000 -0.000000 0.000000
-0.000000 -0.000000 1.000000 -0.000000
0.000000 0.000000 -0.000000 1.000000
-0.049656 -0.969032 -0.241891 0.000000
0.075306 -0.245133 0.966560 0.000000
-0.995923 0.029779 0.085146 -0.000000
-0.927751 1.452712 -14.117638 1.000000
BoneName: mixamorig:LeftShoulder
BoneIndex: 6
BoneParentIndex: 63
ChildIndicesCount: 1
64
1.000000 0.000000 -0.000000 0.000000
0.000000 1.000000 -0.000000 0.000000
-0.000000 -0.000000 1.000000 -0.000000
0.000000 0.000000 -0.000000 1.000000
-0.033254 0.937019 0.347692 0.000000
-0.083096 -0.349272 0.933329 0.000000
0.995987 0.002145 0.089478 -0.000000
0.994367 4.443377 -13.869161 1.000000
BoneName: mixamorig:LeftArm
BoneIndex: 7
BoneParentIndex: 66
ChildIndicesCount: 1
67
1.000000 0.000000 -0.000000 0.000000
0.000000 1.000000 -0.000000 0.000000
-0.000000 -0.000000 1.000000 -0.000000
0.000000 0.000000 -0.000000 1.000000
-0.044697 0.969180 0.242264 0.000000
-0.078824 -0.245172 0.966270 0.000000
0.995886 0.024093 0.087353 -0.000000
0.957766 1.453945 -14.115677 1.000000
BoneName: mixamorig:RightForeArm
BoneIndex: 8
BoneParentIndex: 131
ChildIndicesCount: 1
132
1.000000 0.000000 -0.000000 0.000000
0.000000 1.000000 -0.000000 0.000000
-0.000000 -0.000000 1.000000 -0.000000
0.000000 0.000000 -0.000000 1.000000
0.039635 -0.983555 -0.176207 0.000000
0.097522 -0.171696 0.980311 0.000000
-0.994444 -0.056038 0.089113 -0.000000
-0.864047 -1.679694 -14.036496 1.000000
BoneName: mixamorig:LeftForeArm
BoneIndex: 9
BoneParentIndex: 69
ChildIndicesCount: 1
70
1.000000 0.000000 -0.000000 0.000000
0.000000 1.000000 -0.000000 0.000000
-0.000000 -0.000000 1.000000 -0.000000
0.000000 0.000000 -0.000000 1.000000
0.038955 0.983571 0.176267 0.000000
-0.099650 -0.171698 0.980097 0.000000
0.994260 -0.055745 0.091324 -0.000000
0.898325 -1.680076 -14.034278 1.000000
BoneName: mixamorig:LeftFoot
BoneIndex: 10
BoneParentIndex: 193
ChildIndicesCount: 1
194
1.000000 0.000000 -0.000000 0.000000
0.000000 1.000000 -0.000000 0.000000
-0.000000 -0.000000 1.000000 -0.000000
0.000000 0.000000 -0.000000 1.000000
-0.994767 -0.096025 0.034893 0.000000
0.025223 -0.561771 -0.826908 0.000000
0.099006 -0.821701 0.561253 -0.000000
0.940308 1.003001 0.732300 1.000000
BoneName: mixamorig:LeftToeBase
BoneIndex: 11
BoneParentIndex: 196
ChildIndicesCount: 1
197
1.000000 0.000000 -0.000000 0.000000
0.000000 1.000000 -0.000000 0.000000
-0.000000 -0.000000 1.000000 -0.000000
0.000000 0.000000 -0.000000 1.000000
-0.992743 -0.119914 0.009074 0.000000
-0.005990 -0.026058 -0.999642 0.000000
0.120108 -0.992442 0.025150 -0.000000
0.967264 -1.183456 0.067964 1.000000
BoneName: mixamorig:LeftLeg
BoneIndex: 12
BoneParentIndex: 190
ChildIndicesCount: 1
191
1.000000 0.000000 -0.000000 0.000000
0.000000 1.000000 -0.000000 0.000000
-0.000000 -0.000000 1.000000 -0.000000
0.000000 0.000000 -0.000000 1.000000
-0.999881 -0.015402 0.000749 0.000000
0.015401 -0.994995 0.098728 0.000000
-0.000775 0.098728 0.995114 -0.000000
0.988639 4.605514 -0.432327 1.000000
BoneName: mixamorig:LeftUpLeg
BoneIndex: 13
BoneParentIndex: 187
ChildIndicesCount: 1
188
1.000000 0.000000 -0.000000 0.000000
0.000000 1.000000 -0.000000 0.000000
-0.000000 -0.000000 1.000000 -0.000000
0.000000 0.000000 -0.000000 1.000000
-0.999495 0.031780 0.000000 0.000000
-0.031740 -0.998231 0.050279 0.000000
0.001598 0.050254 0.998735 -0.000000
1.205602 8.697271 -0.208103 1.000000
BoneName: mixamorig:RightUpLeg
BoneIndex: 14
BoneParentIndex: 200
ChildIndicesCount: 1
201
1.000000 0.000000 -0.000000 0.000000
0.000000 1.000000 -0.000000 0.000000
-0.000000 -0.000000 1.000000 -0.000000
0.000000 0.000000 -0.000000 1.000000
-0.999495 -0.031764 0.000000 0.000000
0.031708 -0.997729 0.059423 0.000000
-0.001888 0.059393 0.998233 -0.000000
-1.205350 8.697272 -0.250261 1.000000
BoneName: mixamorig:RightFoot
BoneIndex: 15
BoneParentIndex: 206
ChildIndicesCount: 1
207
1.000000 0.000000 -0.000000 0.000000
0.000000 1.000000 -0.000000 0.000000
-0.000000 -0.000000 1.000000 -0.000000
0.000000 0.000000 -0.000000 1.000000
-0.993856 0.100931 -0.045432 0.000000
-0.023085 -0.590458 -0.806738 0.000000
-0.108251 -0.800733 0.589160 -0.000000
-0.949304 0.956135 0.747002 1.000000
BoneName: mixamorig:RightToeBase
BoneIndex: 16
BoneParentIndex: 209
ChildIndicesCount: 1
210
1.000000 0.000000 -0.000000 0.000000
0.000000 1.000000 -0.000000 0.000000
-0.000000 -0.000000 1.000000 -0.000000
0.000000 0.000000 -0.000000 1.000000
-0.992698 0.120586 0.003128 0.000000
-0.006330 -0.026185 -0.999637 0.000000
-0.120460 -0.992358 0.026757 -0.000000
-0.964609 -1.162753 0.079501 1.000000
BoneName: mixamorig:RightLeg
BoneIndex: 17
BoneParentIndex: 203
ChildIndicesCount: 1
204
1.000000 0.000000 -0.000000 0.000000
0.000000 1.000000 -0.000000 0.000000
-0.000000 -0.000000 1.000000 -0.000000
0.000000 0.000000 -0.000000 1.000000
-0.999881 0.015439 -0.000178 0.000000
-0.015413 -0.997361 0.070954 0.000000
0.000917 0.070948 0.997480 -0.000000
-0.988469 4.615796 -0.303623 1.000000
BoneName: mixamorig:LeftHand
BoneIndex: 18
BoneParentIndex: 72
ChildIndicesCount: 5
73
83
93
103
113
1.000000 0.000000 -0.000000 0.000000
0.000000 1.000000 -0.000000 0.000000
-0.000000 -0.000000 1.000000 -0.000000
0.000000 0.000000 -0.000000 1.000000
0.007652 0.996588 0.082186 0.000000
-0.031453 -0.081908 0.996143 0.000000
0.999476 -0.010207 0.030719 -0.000000
0.232328 -6.031955 -13.565579 1.000000
BoneName: mixamorig:LeftHandPinky1
BoneIndex: 19
BoneParentIndex: 115
ChildIndicesCount: 1
116
1.000000 0.000000 -0.000000 0.000000
0.000000 1.000000 -0.000000 0.000000
-0.000000 -0.000000 1.000000 -0.000000
0.000000 0.000000 -0.000000 1.000000
-0.486103 0.803700 0.343177 0.000000
0.013160 -0.385919 0.922439 0.000000
0.873803 0.452916 0.177020 -0.000000
3.290353 -1.635054 -14.839576 1.000000
BoneName: mixamorig:LeftHandThumb1
BoneIndex: 20
BoneParentIndex: 75
ChildIndicesCount: 1
76
1.000000 0.000000 -0.000000 0.000000
0.000000 1.000000 -0.000000 0.000000
-0.000000 -0.000000 1.000000 -0.000000
0.000000 0.000000 -0.000000 1.000000
0.766556 0.594261 0.243405 0.000000
-0.082882 -0.284308 0.955144 0.000000
0.636806 -0.752345 -0.168684 -0.000000
-4.433655 -0.935715 -14.155583 1.000000
BoneName: mixamorig:LeftHandRing1
BoneIndex: 21
BoneParentIndex: 105
ChildIndicesCount: 1
106
1.000000 0.000000 -0.000000 0.000000
0.000000 1.000000 -0.000000 0.000000
-0.000000 -0.000000 1.000000 -0.000000
0.000000 0.000000 -0.000000 1.000000
-0.255758 0.894646 0.366327 0.000000
-0.008709 -0.381047 0.924514 0.000000
0.966702 0.233262 0.105247 -0.000000
1.930992 -2.415511 -15.021672 1.000000
BoneName: mixamorig:LeftHandMiddle1
BoneIndex: 22
BoneParentIndex: 95
ChildIndicesCount: 1
96
1.000000 0.000000 -0.000000 0.000000
0.000000 1.000000 -0.000000 0.000000
-0.000000 -0.000000 1.000000 -0.000000
0.000000 0.000000 -0.000000 1.000000
-0.015713 0.922295 0.386167 0.000000
-0.029524 -0.386475 0.921827 0.000000
0.999441 0.003083 0.033302 -0.000000
0.506780 -2.527369 -15.142226 1.000000
BoneName: mixamorig:RightHand
BoneIndex: 23
BoneParentIndex: 134
ChildIndicesCount: 5
135
145
155
165
175
1.000000 0.000000 -0.000000 0.000000
0.000000 1.000000 -0.000000 0.000000
-0.000000 -0.000000 1.000000 -0.000000
0.000000 0.000000 -0.000000 1.000000
0.011098 -0.996917 -0.077671 0.000000
0.033811 -0.077257 0.996438 0.000000
-0.999367 -0.013684 0.032849 -0.000000
-0.236811 -6.094324 -13.537554 1.000000
BoneName: mixamorig:RightHandMiddle1
BoneIndex: 24
BoneParentIndex: 157
ChildIndicesCount: 1
158
1.000000 0.000000 -0.000000 0.000000
0.000000 1.000000 -0.000000 0.000000
-0.000000 -0.000000 1.000000 -0.000000
0.000000 0.000000 -0.000000 1.000000
-0.021113 -0.938648 -0.344231 0.000000
0.031298 -0.344759 0.938170 0.000000
-0.999287 0.009034 0.036656 -0.000000
-0.583785 -3.200547 -14.999956 1.000000
BoneName: mixamorig:RightHandPinky1
BoneIndex: 25
BoneParentIndex: 177
ChildIndicesCount: 1
178
1.000000 0.000000 -0.000000 0.000000
0.000000 1.000000 -0.000000 0.000000
-0.000000 -0.000000 1.000000 -0.000000
0.000000 0.000000 -0.000000 1.000000
-0.538282 -0.762819 -0.358273 0.000000
-0.014179 -0.416859 0.908860 0.000000
-0.842645 0.494303 0.213572 -0.000000
-3.726283 -0.941601 -14.815890 1.000000
BoneName: mixamorig:RightHandThumb1
BoneIndex: 26
BoneParentIndex: 137
ChildIndicesCount: 1
138
1.000000 0.000000 -0.000000 0.000000
0.000000 1.000000 -0.000000 0.000000
-0.000000 -0.000000 1.000000 -0.000000
0.000000 0.000000 -0.000000 1.000000
0.750570 -0.613373 -0.245800 0.000000
0.080128 -0.284749 0.955247 0.000000
-0.655914 -0.736676 -0.164576 -0.000000
4.350371 -1.059755 -14.174193 1.000000
BoneName: mixamorig:Neck
BoneIndex: 27
BoneParentIndex: 59
ChildIndicesCount: 1
28
1.000000 0.000000 -0.000000 0.000000
0.000000 1.000000 -0.000000 0.000000
-0.000000 -0.000000 1.000000 -0.000000
0.000000 0.000000 -0.000000 1.000000
1.000000 0.000000 -0.000000 0.000000
0.000000 1.000000 -0.000000 0.000000
-0.000000 -0.000000 1.000000 -0.000000
-0.000056 -14.825615 -0.239513 1.000000
BoneName: mixamorig:Head
BoneIndex: 28
BoneParentIndex: 27
ChildIndicesCount: 1
60
1.000000 0.000000 -0.000000 0.000000
0.000000 1.000000 -0.000000 0.000000
-0.000000 -0.000000 1.000000 -0.000000
0.000000 0.706111 -0.229892 1.000000
1.000000 0.000000 -0.000000 0.000000
0.000000 1.000000 -0.000000 0.000000
-0.000000 -0.000000 1.000000 -0.000000
-0.000056 -15.531726 -0.009620 1.000000
BoneName: mixamorig:LeftHandMiddle3
BoneIndex: 29
BoneParentIndex: 101
ChildIndicesCount: 1
102
1.000000 0.000000 -0.000000 0.000000
0.000000 1.000000 -0.000000 0.000000
-0.000000 -0.000000 1.000000 -0.000000
0.000000 0.000000 -0.000000 1.000000
-0.015713 0.910538 0.413127 0.000000
-0.029524 -0.413421 0.910061 0.000000
0.999441 0.002102 0.033378 -0.000000
0.506830 -2.965372 -15.207892 1.000000
BoneName: mixamorig:LeftHandMiddle2
BoneIndex: 30
BoneParentIndex: 98
ChildIndicesCount: 1
99
1.000000 0.000000 -0.000000 0.000000
0.000000 1.000000 -0.000000 0.000000
-0.000000 -0.000000 1.000000 -0.000000
0.000000 0.000000 -0.000000 1.000000
-0.015713 0.895341 0.445104 0.000000
-0.029524 -0.445380 0.894854 0.000000
0.999441 0.000919 0.033432 -0.000000
0.505569 -1.990875 -15.303342 1.000000
BoneName: mixamorig:LeftHandIndex2
BoneIndex: 31
BoneParentIndex: 88
ChildIndicesCount: 1
89
1.000000 0.000000 -0.000000 0.000000
0.000000 1.000000 -0.000000 0.000000
-0.000000 -0.000000 1.000000 -0.000000
0.000000 0.000000 -0.000000 1.000000
0.022190 0.873455 0.486400 0.000000
-0.032644 -0.485627 0.873557 0.000000
0.999221 -0.035263 0.017737 -0.000000
0.556678 -1.282412 -15.399905 1.000000
BoneName: mixamorig:LeftHandIndex3
BoneIndex: 32
BoneParentIndex: 91
ChildIndicesCount: 1
92
1.000000 0.000000 -0.000000 0.000000
0.000000 1.000000 -0.000000 0.000000
-0.000000 -0.000000 1.000000 -0.000000
0.000000 0.000000 -0.000000 1.000000
0.022190 0.847588 0.530190 0.000000
-0.032644 -0.529424 0.847729 0.000000
0.999221 -0.036119 0.015921 -0.000000
0.558213 -0.902741 -15.465827 1.000000
BoneName: mixamorig:LeftHandIndex1
BoneIndex: 33
BoneParentIndex: 85
ChildIndicesCount: 1
86
1.000000 0.000000 -0.000000 0.000000
0.000000 1.000000 -0.000000 0.000000
-0.000000 -0.000000 1.000000 -0.000000
0.000000 0.000000 -0.000000 1.000000
0.022190 0.931118 0.364042 0.000000
-0.032644 -0.363263 0.931114 0.000000
0.999221 -0.032546 0.022335 -0.000000
0.560772 -2.906770 -15.085845 1.000000
BoneName: mixamorig:LeftHandRing2
BoneIndex: 34
BoneParentIndex: 108
ChildIndicesCount: 1
109
1.000000 0.000000 -0.000000 0.000000
0.000000 1.000000 -0.000000 0.000000
-0.000000 -0.000000 1.000000 -0.000000
0.000000 0.000000 -0.000000 1.000000
-0.255758 0.846889 0.466226 0.000000
-0.008710 -0.484264 0.874879 0.000000
0.966702 0.219696 0.131231 -0.000000
1.931003 -1.119641 -15.249732 1.000000
BoneName: mixamorig:LeftHandPinky2
BoneIndex: 35
BoneParentIndex: 118
ChildIndicesCount: 1
119
1.000000 0.000000 -0.000000 0.000000
0.000000 1.000000 -0.000000 0.000000
-0.000000 -0.000000 1.000000 -0.000000
0.000000 0.000000 -0.000000 1.000000
-0.486102 0.715522 0.501731 0.000000
0.013160 -0.568069 0.822876 0.000000
0.873803 0.406605 0.266723 -0.000000
3.293540 1.020911 -14.950958 1.000000
BoneName: mixamorig:LeftHandPinky3
BoneIndex: 36
BoneParentIndex: 121
ChildIndicesCount: 1
122
1.000000 0.000000 -0.000000 0.000000
0.000000 1.000000 -0.000000 0.000000
-0.000000 -0.000000 1.000000 -0.000000
0.000000 0.000000 -0.000000 1.000000
-0.486102 0.785753 0.382487 0.000000
0.013160 -0.431046 0.902234 0.000000
0.873803 0.443611 0.199192 -0.000000
3.289179 -1.729957 -14.864244 1.000000
BoneName: mixamorig:LeftHandRing3
BoneIndex: 37
BoneParentIndex: 111
ChildIndicesCount: 1
112
1.000000 0.000000 -0.000000 0.000000
0.000000 1.000000 -0.000000 0.000000
-0.000000 -0.000000 1.000000 -0.000000
0.000000 0.000000 -0.000000 1.000000
-0.255758 0.892338 0.371916 0.000000
-0.008710 -0.386823 0.922113 0.000000
0.966702 0.232598 0.106705 -0.000000
1.930995 -3.175251 -14.994304 1.000000
BoneName: mixamorig:LeftHandThumb2
BoneIndex: 38
BoneParentIndex: 78
ChildIndicesCount: 1
79
1.000000 0.000000 -0.000000 0.000000
0.000000 1.000000 -0.000000 0.000000
-0.000000 -0.000000 1.000000 -0.000000
0.000000 0.000000 -0.000000 1.000000
0.766556 0.546788 0.336771 0.000000
-0.082882 -0.435795 0.896222 0.000000
0.636806 -0.714917 -0.288743 -0.000000
-4.412630 0.984826 -14.184161 1.000000
BoneName: mixamorig:LeftHandThumb3
BoneIndex: 39
BoneParentIndex: 81
ChildIndicesCount: 1
82
1.000000 0.000000 -0.000000 0.000000
0.000000 1.000000 -0.000000 0.000000
-0.000000 -0.000000 1.000000 -0.000000
0.000000 0.000000 -0.000000 1.000000
0.766556 0.553258 0.326033 0.000000
-0.082882 -0.418217 0.904558 0.000000
0.636806 -0.720417 -0.274732 -0.000000
-4.419349 0.226564 -14.191286 1.000000
BoneName: mixamorig:RightHandThumb2
BoneIndex: 40
BoneParentIndex: 140
ChildIndicesCount: 1
141
1.000000 0.000000 -0.000000 0.000000
0.000000 1.000000 -0.000000 0.000000
-0.000000 -0.000000 1.000000 -0.000000
0.000000 0.000000 -0.000000 1.000000
0.750570 -0.563980 -0.344341 0.000000
0.080128 -0.439579 0.894623 0.000000
-0.655914 -0.699069 -0.284744 -0.000000
4.322422 0.923864 -14.218440 1.000000
BoneName: mixamorig:RightHandRing1
BoneIndex: 41
BoneParentIndex: 167
ChildIndicesCount: 1
168
1.000000 0.000000 -0.000000 0.000000
0.000000 1.000000 -0.000000 0.000000
-0.000000 -0.000000 1.000000 -0.000000
0.000000 0.000000 -0.000000 1.000000
-0.252329 -0.887253 -0.386149 0.000000
0.012229 -0.401954 0.915578 0.000000
-0.967564 0.226305 0.112275 -0.000000
-1.945313 -2.064705 -15.080258 1.000000
BoneName: mixamorig:RightHandMiddle3
BoneIndex: 42
BoneParentIndex: 163
ChildIndicesCount: 1
164
1.000000 0.000000 -0.000000 0.000000
0.000000 1.000000 -0.000000 0.000000
-0.000000 -0.000000 1.000000 -0.000000
0.000000 0.000000 -0.000000 1.000000
-0.021113 -0.894278 -0.447013 0.000000
0.031298 -0.447485 0.893744 0.000000
-0.999287 0.004879 0.037437 -0.000000
-0.582763 -2.381710 -15.306689 1.000000
BoneName: mixamorig:RightHandMiddle2
BoneIndex: 43
BoneParentIndex: 160
ChildIndicesCount: 1
161
1.000000 0.000000 -0.000000 0.000000
0.000000 1.000000 -0.000000 0.000000
-0.000000 -0.000000 1.000000 -0.000000
0.000000 0.000000 -0.000000 1.000000
-0.021113 -0.888000 -0.459359 0.000000
0.031298 -0.459823 0.887459 0.000000
-0.999287 0.004360 0.037500 -0.000000
-0.580997 -1.727366 -15.338213 1.000000
BoneName: mixamorig:RightHandIndex2
BoneIndex: 44
BoneParentIndex: 150
ChildIndicesCount: 1
151
1.000000 0.000000 -0.000000 0.000000
0.000000 1.000000 -0.000000 0.000000
-0.000000 -0.000000 1.000000 -0.000000
0.000000 0.000000 -0.000000 1.000000
0.046937 -0.862405 -0.504038 0.000000
0.036567 -0.502772 0.863645 0.000000
-0.998228 -0.058968 0.007937 -0.000000
-0.400003 -0.978047 -15.436431 1.000000
BoneName: mixamorig:RightHandIndex3
BoneIndex: 45
BoneParentIndex: 153
ChildIndicesCount: 1
154
1.000000 0.000000 -0.000000 0.000000
0.000000 1.000000 -0.000000 0.000000
-0.000000 -0.000000 1.000000 -0.000000
0.000000 0.000000 -0.000000 1.000000
0.046937 -0.897127 -0.439271 0.000000
0.036567 -0.437917 0.898271 0.000000
-0.998228 -0.058225 0.012251 -0.000000
-0.403251 -2.515264 -15.292900 1.000000
BoneName: mixamorig:RightHandIndex1
BoneIndex: 46
BoneParentIndex: 147
ChildIndicesCount: 1
148
1.000000 0.000000 -0.000000 0.000000
0.000000 1.000000 -0.000000 0.000000
-0.000000 -0.000000 1.000000 -0.000000
0.000000 0.000000 -0.000000 1.000000
0.046937 -0.927311 -0.371336 0.000000
0.036567 -0.369901 0.928351 0.000000
-0.998228 -0.057153 0.016547 -0.000000
-0.403275 -2.802549 -15.123384 1.000000
BoneName: mixamorig:RightHandRing2
BoneIndex: 47
BoneParentIndex: 170
ChildIndicesCount: 1
171
1.000000 0.000000 -0.000000 0.000000
0.000000 1.000000 -0.000000 0.000000
-0.000000 -0.000000 1.000000 -0.000000
0.000000 0.000000 -0.000000 1.000000
-0.252330 -0.844765 -0.471912 0.000000
0.012229 -0.490438 0.871390 0.000000
-0.967564 0.214107 0.134083 -0.000000
-1.945319 -1.023161 -15.255965 1.000000
BoneName: mixamorig:RightHandRing3
BoneIndex: 48
BoneParentIndex: 173
ChildIndicesCount: 1
174
1.000000 0.000000 -0.000000 0.000000
0.000000 1.000000 -0.000000 0.000000
-0.000000 -0.000000 1.000000 -0.000000
0.000000 0.000000 -0.000000 1.000000
-0.252330 -0.927022 -0.277418 0.000000
0.012229 -0.289727 0.957031 0.000000
-0.967564 0.238095 0.084443 -0.000000
-1.945264 -4.713618 -14.580643 1.000000
BoneName: mixamorig:RightHandPinky2
BoneIndex: 49
BoneParentIndex: 180
ChildIndicesCount: 1
181
1.000000 0.000000 -0.000000 0.000000
0.000000 1.000000 -0.000000 0.000000
-0.000000 -0.000000 1.000000 -0.000000
0.000000 0.000000 -0.000000 1.000000
-0.538282 -0.685983 -0.489570 0.000000
-0.014179 -0.573456 0.819113 0.000000
-0.842645 0.447856 0.298955 -0.000000
-3.727950 1.294137 -14.824760 1.000000
BoneName: mixamorig:RightHandPinky3
BoneIndex: 50
BoneParentIndex: 183
ChildIndicesCount: 1
184
1.000000 0.000000 -0.000000 0.000000
0.000000 1.000000 -0.000000 0.000000
-0.000000 -0.000000 1.000000 -0.000000
0.000000 0.000000 -0.000000 1.000000
-0.538282 -0.795661 -0.277806 0.000000
-0.014179 -0.321040 0.946960 0.000000
-0.842645 0.513671 0.161529 -0.000000
-3.721815 -3.263358 -14.490778 1.000000
BoneName: mixamorig:RightHandThumb3
BoneIndex: 51
BoneParentIndex: 143
ChildIndicesCount: 1
144
1.000000 0.000000 -0.000000 0.000000
0.000000 1.000000 -0.000000 0.000000
-0.000000 -0.000000 1.000000 -0.000000
0.000000 0.000000 -0.000000 1.000000
0.750570 -0.577830 -0.320556 0.000000
0.080129 -0.401941 0.912153 0.000000
-0.655914 -0.710321 -0.255385 -0.000000
4.309891 -0.143216 -14.224817 1.000000
BoneName: RootNode
BoneIndex: 52
BoneParentIndex: -1
ChildIndicesCount: 2
53
3
1.000000 0.000000 -0.000000 0.000000
0.000000 1.000000 -0.000000 0.000000
-0.000000 -0.000000 1.000000 -0.000000
0.000000 0.000000 -0.000000 1.000000
1.000000 0.000000 0.000000 0.000000
0.000000 1.000000 0.000000 0.000000
0.000000 0.000000 1.000000 0.000000
0.000000 0.000000 0.000000 1.000000
BoneName: Ch24
BoneIndex: 53
BoneParentIndex: 52
ChildIndicesCount: 0
1.000000 0.000000 -0.000000 0.000000
0.000000 1.000000 -0.000000 0.000000
-0.000000 -0.000000 1.000000 -0.000000
0.000000 0.000000 -0.000000 1.000000
1.000000 0.000000 0.000000 0.000000
0.000000 1.000000 0.000000 0.000000
0.000000 0.000000 1.000000 0.000000
0.000000 0.000000 0.000000 1.000000
BoneName: mixamorig:Spine_$AssimpFbx$_Translation
BoneIndex: 54
BoneParentIndex: 3
ChildIndicesCount: 1
55
1.000000 0.000000 -0.000000 0.000000
0.000000 1.000000 -0.000000 0.000000
-0.000000 -0.000000 1.000000 -0.000000
0.000000 1.096973 0.092166 1.000000
1.000000 0.000000 0.000000 0.000000
0.000000 1.000000 0.000000 0.000000
0.000000 0.000000 1.000000 0.000000
0.000000 0.000000 0.000000 1.000000
BoneName: mixamorig:Spine_$AssimpFbx$_PreRotation
BoneIndex: 55
BoneParentIndex: 54
ChildIndicesCount: 1
56
1.000000 0.000000 -0.000000 0.000000
0.000000 0.996489 0.083723 0.000000
-0.000000 -0.083723 0.996489 -0.000000
0.000000 0.000000 -0.000000 1.000000
1.000000 0.000000 0.000000 0.000000
0.000000 1.000000 0.000000 0.000000
0.000000 0.000000 1.000000 0.000000
0.000000 0.000000 0.000000 1.000000
BoneName: mixamorig:Spine_$AssimpFbx$_Rotation
BoneIndex: 56
BoneParentIndex: 55
ChildIndicesCount: 1
1
1.000000 0.000000 -0.000000 0.000000
0.000000 1.000000 -0.000000 0.000000
-0.000000 -0.000000 1.000000 -0.000000
0.000000 0.000000 -0.000000 1.000000
1.000000 0.000000 0.000000 0.000000
0.000000 1.000000 0.000000 0.000000
0.000000 0.000000 1.000000 0.000000
0.000000 0.000000 0.000000 1.000000
BoneName: mixamorig:Neck_$AssimpFbx$_Translation
BoneIndex: 57
BoneParentIndex: 0
ChildIndicesCount: 1
58
1.000000 0.000000 -0.000000 0.000000
0.000000 1.000000 -0.000000 0.000000
-0.000000 -0.000000 1.000000 -0.000000
0.000000 1.651255 0.000000 1.000000
1.000000 0.000000 0.000000 0.000000
0.000000 1.000000 0.000000 0.000000
0.000000 0.000000 1.000000 0.000000
0.000000 0.000000 0.000000 1.000000
BoneName: mixamorig:Neck_$AssimpFbx$_PreRotation
BoneIndex: 58
BoneParentIndex: 57
ChildIndicesCount: 1
59
1.000000 0.000000 -0.000000 0.000000
0.000000 0.996489 -0.083723 0.000000
-0.000000 0.083723 0.996489 -0.000000
0.000000 0.000000 -0.000000 1.000000
1.000000 0.000000 0.000000 0.000000
0.000000 1.000000 0.000000 0.000000
0.000000 0.000000 1.000000 0.000000
0.000000 0.000000 0.000000 1.000000
BoneName: mixamorig:Neck_$AssimpFbx$_Rotation
BoneIndex: 59
BoneParentIndex: 58
ChildIndicesCount: 1
27
1.000000 0.000000 -0.000000 0.000000
0.000000 1.000000 -0.000000 0.000000
-0.000000 -0.000000 1.000000 -0.000000
0.000000 0.000000 -0.000000 1.000000
1.000000 0.000000 0.000000 0.000000
0.000000 1.000000 0.000000 0.000000
0.000000 0.000000 1.000000 0.000000
0.000000 0.000000 0.000000 1.000000
BoneName: mixamorig:HeadTop_End
BoneIndex: 60
BoneParentIndex: 28
ChildIndicesCount: 0
1.000000 0.000000 -0.000000 0.000000
0.000000 1.000000 -0.000000 0.000000
-0.000000 -0.000000 1.000000 -0.000000
0.000000 1.893036 -0.616326 1.000000
1.000000 0.000000 0.000000 0.000000
0.000000 1.000000 0.000000 0.000000
0.000000 0.000000 1.000000 0.000000
0.000000 0.000000 0.000000 1.000000
BoneName: mixamorig:LeftShoulder_$AssimpFbx$_Translation
BoneIndex: 61
BoneParentIndex: 0
ChildIndicesCount: 1
62
1.000000 0.000000 -0.000000 0.000000
0.000000 1.000000 -0.000000 0.000000
-0.000000 -0.000000 1.000000 -0.000000
0.691686 1.405709 0.022195 1.000000
1.000000 0.000000 0.000000 0.000000
0.000000 1.000000 0.000000 0.000000
0.000000 0.000000 1.000000 0.000000
0.000000 0.000000 0.000000 1.000000
BoneName: mixamorig:LeftShoulder_$AssimpFbx$_PreRotation
BoneIndex: 62
BoneParentIndex: 61
ChildIndicesCount: 1
63
-0.033254 0.000583 0.999447 0.000000
0.937019 -0.347866 0.031380 0.000000
0.347692 0.937544 0.011022 -0.000000
0.000000 0.000000 -0.000000 1.000000
1.000000 0.000000 0.000000 0.000000
0.000000 1.000000 0.000000 0.000000
0.000000 0.000000 1.000000 0.000000
0.000000 0.000000 0.000000 1.000000
BoneName: mixamorig:LeftShoulder_$AssimpFbx$_Rotation
BoneIndex: 63
BoneParentIndex: 62
ChildIndicesCount: 1
6
1.000000 0.000000 -0.000000 0.000000
0.000000 1.000000 -0.000000 0.000000
-0.000000 -0.000000 1.000000 -0.000000
0.000000 0.000000 -0.000000 1.000000
1.000000 0.000000 0.000000 0.000000
0.000000 1.000000 0.000000 0.000000
0.000000 0.000000 1.000000 0.000000
0.000000 0.000000 0.000000 1.000000
BoneName: mixamorig:LeftArm_$AssimpFbx$_Translation
BoneIndex: 64
BoneParentIndex: 6
ChildIndicesCount: 1
65
1.000000 0.000000 -0.000000 0.000000
0.000000 1.000000 -0.000000 0.000000
-0.000000 -0.000000 1.000000 -0.000000
-0.000000 1.453177 0.000000 1.000000
1.000000 0.000000 0.000000 0.000000
0.000000 1.000000 0.000000 0.000000
0.000000 0.000000 1.000000 0.000000
0.000000 0.000000 0.000000 1.000000
BoneName: mixamorig:LeftArm_$AssimpFbx$_PreRotation
BoneIndex: 65
BoneParentIndex: 64
ChildIndicesCount: 1
66
0.999925 -0.012215 0.000000 0.000000
0.012140 0.993824 0.110306 0.000000
-0.001347 -0.110298 0.993898 -0.000000
0.000000 0.000000 -0.000000 1.000000
1.000000 0.000000 0.000000 0.000000
0.000000 1.000000 0.000000 0.000000
0.000000 0.000000 1.000000 0.000000
0.000000 0.000000 0.000000 1.000000
BoneName: mixamorig:LeftArm_$AssimpFbx$_Rotation
BoneIndex: 66
BoneParentIndex: 65
ChildIndicesCount: 1
7
1.000000 0.000000 -0.000000 0.000000
0.000000 1.000000 -0.000000 0.000000
-0.000000 -0.000000 1.000000 -0.000000
0.000000 0.000000 -0.000000 1.000000
1.000000 0.000000 0.000000 0.000000
0.000000 1.000000 0.000000 0.000000
0.000000 0.000000 1.000000 0.000000
0.000000 0.000000 0.000000 1.000000
BoneName: mixamorig:LeftForeArm_$AssimpFbx$_Translation
BoneIndex: 67
BoneParentIndex: 7
ChildIndicesCount: 1
68
1.000000 0.000000 -0.000000 0.000000
0.000000 1.000000 -0.000000 0.000000
-0.000000 -0.000000 1.000000 -0.000000
0.000000 2.102667 0.000000 1.000000
1.000000 0.000000 0.000000 0.000000
0.000000 1.000000 0.000000 0.000000
0.000000 0.000000 1.000000 0.000000
0.000000 0.000000 0.000000 1.000000
BoneName: mixamorig:LeftForeArm_$AssimpFbx$_PreRotation
BoneIndex: 68
BoneParentIndex: 67
ChildIndicesCount: 1
69
0.996283 0.086141 0.000000 0.000000
-0.085945 0.994010 0.067508 0.000000
0.005815 -0.067258 0.997719 -0.000000
0.000000 0.000000 -0.000000 1.000000
1.000000 0.000000 0.000000 0.000000
0.000000 1.000000 0.000000 0.000000
0.000000 0.000000 1.000000 0.000000
0.000000 0.000000 0.000000 1.000000
BoneName: mixamorig:LeftForeArm_$AssimpFbx$_Rotation
BoneIndex: 69
BoneParentIndex: 68
ChildIndicesCount: 1
9
1.000000 0.000000 -0.000000 0.000000
0.000000 1.000000 -0.000000 0.000000
-0.000000 -0.000000 1.000000 -0.000000
0.000000 0.000000 -0.000000 1.000000
1.000000 0.000000 0.000000 0.000000
0.000000 1.000000 0.000000 0.000000
0.000000 0.000000 1.000000 0.000000
0.000000 0.000000 0.000000 1.000000
BoneName: mixamorig:LeftHand_$AssimpFbx$_Translation
BoneIndex: 70
BoneParentIndex: 9
ChildIndicesCount: 1
71
1.000000 0.000000 -0.000000 0.000000
0.000000 1.000000 -0.000000 0.000000
-0.000000 -0.000000 1.000000 -0.000000
-0.000000 3.083899 0.000000 1.000000
1.000000 0.000000 0.000000 0.000000
0.000000 1.000000 0.000000 0.000000
0.000000 0.000000 1.000000 0.000000
0.000000 0.000000 0.000000 1.000000
BoneName: mixamorig:LeftHand_$AssimpFbx$_PreRotation
BoneIndex: 71
BoneParentIndex: 70
ChildIndicesCount: 1
72
0.997171 -0.042789 0.061799 0.000000
0.036836 0.994847 0.094455 0.000000
-0.065522 -0.091911 0.993609 -0.000000
0.000000 0.000000 -0.000000 1.000000
1.000000 0.000000 0.000000 0.000000
0.000000 1.000000 0.000000 0.000000
0.000000 0.000000 1.000000 0.000000
0.000000 0.000000 0.000000 1.000000
BoneName: mixamorig:LeftHand_$AssimpFbx$_Rotation
BoneIndex: 72
BoneParentIndex: 71
ChildIndicesCount: 1
18
1.000000 0.000000 -0.000000 0.000000
0.000000 1.000000 -0.000000 0.000000
-0.000000 -0.000000 1.000000 -0.000000
0.000000 0.000000 -0.000000 1.000000
1.000000 0.000000 0.000000 0.000000
0.000000 1.000000 0.000000 0.000000
0.000000 0.000000 1.000000 0.000000
0.000000 0.000000 0.000000 1.000000
BoneName: mixamorig:LeftHandThumb1_$AssimpFbx$_Translation
BoneIndex: 73
BoneParentIndex: 18
ChildIndicesCount: 1
74
1.000000 0.000000 -0.000000 0.000000
0.000000 1.000000 -0.000000 0.000000
-0.000000 -0.000000 1.000000 -0.000000
-0.384663 0.290222 -0.128210 1.000000
1.000000 0.000000 0.000000 0.000000
0.000000 1.000000 0.000000 0.000000
0.000000 0.000000 1.000000 0.000000
0.000000 0.000000 0.000000 1.000000
BoneName: mixamorig:LeftHandThumb1_$AssimpFbx$_PreRotation
BoneIndex: 74
BoneParentIndex: 73
ChildIndicesCount: 1
75
0.644945 0.764229 0.000000 0.000000
-0.738462 0.623199 -0.257482 0.000000
-0.196775 0.166061 0.966283 -0.000000
0.000000 0.000000 -0.000000 1.000000
1.000000 0.000000 0.000000 0.000000
0.000000 1.000000 0.000000 0.000000
0.000000 0.000000 1.000000 0.000000
0.000000 0.000000 0.000000 1.000000
BoneName: mixamorig:LeftHandThumb1_$AssimpFbx$_Rotation
BoneIndex: 75
BoneParentIndex: 74
ChildIndicesCount: 1
20
1.000000 0.000000 -0.000000 0.000000
0.000000 1.000000 -0.000000 0.000000
-0.000000 -0.000000 1.000000 -0.000000
0.000000 0.000000 -0.000000 1.000000
1.000000 0.000000 0.000000 0.000000
0.000000 1.000000 0.000000 0.000000
0.000000 0.000000 1.000000 0.000000
0.000000 0.000000 0.000000 1.000000
BoneName: mixamorig:LeftHandThumb2_$AssimpFbx$_Translation
BoneIndex: 76
BoneParentIndex: 20
ChildIndicesCount: 1
77
1.000000 0.000000 -0.000000 0.000000
0.000000 1.000000 -0.000000 0.000000
-0.000000 -0.000000 1.000000 -0.000000
-0.021032 0.398349 0.000000 1.000000
1.000000 0.000000 0.000000 0.000000
0.000000 1.000000 0.000000 0.000000
0.000000 0.000000 1.000000 0.000000
0.000000 0.000000 0.000000 1.000000
BoneName: mixamorig:LeftHandThumb2_$AssimpFbx$_PreRotation
BoneIndex: 77
BoneParentIndex: 76
ChildIndicesCount: 1
78
1.000000 0.000000 -0.000000 0.000000
0.000000 0.986699 -0.162561 0.000000
-0.000000 0.162561 0.986699 -0.000000
0.000000 0.000000 -0.000000 1.000000
1.000000 0.000000 0.000000 0.000000
0.000000 1.000000 0.000000 0.000000
0.000000 0.000000 1.000000 0.000000
0.000000 0.000000 0.000000 1.000000
BoneName: mixamorig:LeftHandThumb2_$AssimpFbx$_Rotation
BoneIndex: 78
BoneParentIndex: 77
ChildIndicesCount: 1
38
1.000000 0.000000 -0.000000 0.000000
0.000000 1.000000 -0.000000 0.000000
-0.000000 -0.000000 1.000000 -0.000000
0.000000 0.000000 -0.000000 1.000000
1.000000 0.000000 0.000000 0.000000
0.000000 1.000000 0.000000 0.000000
0.000000 0.000000 1.000000 0.000000
0.000000 0.000000 0.000000 1.000000
BoneName: mixamorig:LeftHandThumb3_$AssimpFbx$_Translation
BoneIndex: 79
BoneParentIndex: 38
ChildIndicesCount: 1
80
1.000000 0.000000 -0.000000 0.000000
0.000000 1.000000 -0.000000 0.000000
-0.000000 -0.000000 1.000000 -0.000000
0.006720 0.481281 0.000000 1.000000
1.000000 0.000000 0.000000 0.000000
0.000000 1.000000 0.000000 0.000000
0.000000 0.000000 1.000000 0.000000
0.000000 0.000000 0.000000 1.000000
BoneName: mixamorig:LeftHandThumb3_$AssimpFbx$_PreRotation
BoneIndex: 80
BoneParentIndex: 79
ChildIndicesCount: 1
81
1.000000 0.000000 -0.000000 0.000000
0.000000 0.999809 0.019521 0.000000
-0.000000 -0.019521 0.999809 -0.000000
0.000000 0.000000 -0.000000 1.000000
1.000000 0.000000 0.000000 0.000000
0.000000 1.000000 0.000000 0.000000
0.000000 0.000000 1.000000 0.000000
0.000000 0.000000 0.000000 1.000000
BoneName: mixamorig:LeftHandThumb3_$AssimpFbx$_Rotation
BoneIndex: 81
BoneParentIndex: 80
ChildIndicesCount: 1
39
1.000000 0.000000 -0.000000 0.000000
0.000000 1.000000 -0.000000 0.000000
-0.000000 -0.000000 1.000000 -0.000000
0.000000 0.000000 -0.000000 1.000000
1.000000 0.000000 0.000000 0.000000
0.000000 1.000000 0.000000 0.000000
0.000000 0.000000 1.000000 0.000000
0.000000 0.000000 0.000000 1.000000
BoneName: mixamorig:LeftHandThumb4
BoneIndex: 82
BoneParentIndex: 39
ChildIndicesCount: 0
1.000000 0.000000 -0.000000 0.000000
0.000000 1.000000 -0.000000 0.000000
-0.000000 -0.000000 1.000000 -0.000000
0.014312 0.413361 -0.000000 1.000000
1.000000 0.000000 0.000000 0.000000
0.000000 1.000000 0.000000 0.000000
0.000000 0.000000 1.000000 0.000000
0.000000 0.000000 0.000000 1.000000
BoneName: mixamorig:LeftHandIndex1_$AssimpFbx$_Translation
BoneIndex: 83
BoneParentIndex: 18
ChildIndicesCount: 1
84
1.000000 0.000000 -0.000000 0.000000
0.000000 1.000000 -0.000000 0.000000
-0.000000 -0.000000 1.000000 -0.000000
-0.432034 1.063817 0.056288 1.000000
1.000000 0.000000 0.000000 0.000000
0.000000 1.000000 0.000000 0.000000
0.000000 0.000000 1.000000 0.000000
0.000000 0.000000 0.000000 1.000000
BoneName: mixamorig:LeftHandIndex1_$AssimpFbx$_PreRotation
BoneIndex: 84
BoneParentIndex: 83
ChildIndicesCount: 1
85
0.999894 0.014589 -0.000000 0.000000
-0.013978 0.958027 -0.286337 0.000000
-0.004177 0.286306 0.958129 -0.000000
0.000000 0.000000 -0.000000 1.000000
1.000000 0.000000 0.000000 0.000000
0.000000 1.000000 0.000000 0.000000
0.000000 0.000000 1.000000 0.000000
0.000000 0.000000 0.000000 1.000000
BoneName: mixamorig:LeftHandIndex1_$AssimpFbx$_Rotation
BoneIndex: 85
BoneParentIndex: 84
ChildIndicesCount: 1
33
1.000000 0.000000 -0.000000 0.000000
0.000000 1.000000 -0.000000 0.000000
-0.000000 -0.000000 1.000000 -0.000000
0.000000 0.000000 -0.000000 1.000000
1.000000 0.000000 0.000000 0.000000
0.000000 1.000000 0.000000 0.000000
0.000000 0.000000 1.000000 0.000000
0.000000 0.000000 0.000000 1.000000
BoneName: mixamorig:LeftHandIndex2_$AssimpFbx$_Translation
BoneIndex: 86
BoneParentIndex: 33
ChildIndicesCount: 1
87
1.000000 0.000000 -0.000000 0.000000
0.000000 1.000000 -0.000000 0.000000
-0.000000 -0.000000 1.000000 -0.000000
0.004093 0.442690 -0.000000 1.000000
1.000000 0.000000 0.000000 0.000000
0.000000 1.000000 0.000000 0.000000
0.000000 0.000000 1.000000 0.000000
0.000000 0.000000 0.000000 1.000000
BoneName: mixamorig:LeftHandIndex2_$AssimpFbx$_PreRotation
BoneIndex: 87
BoneParentIndex: 86
ChildIndicesCount: 1
88
1.000000 0.000000 -0.000000 0.000000
0.000000 0.990847 -0.134988 0.000000
-0.000000 0.134988 0.990847 -0.000000
0.000000 0.000000 -0.000000 1.000000
1.000000 0.000000 0.000000 0.000000
0.000000 1.000000 0.000000 0.000000
0.000000 0.000000 1.000000 0.000000
0.000000 0.000000 0.000000 1.000000
BoneName: mixamorig:LeftHandIndex2_$AssimpFbx$_Rotation
BoneIndex: 88
BoneParentIndex: 87
ChildIndicesCount: 1
31
1.000000 0.000000 -0.000000 0.000000
0.000000 1.000000 -0.000000 0.000000
-0.000000 -0.000000 1.000000 -0.000000
0.000000 0.000000 -0.000000 1.000000
1.000000 0.000000 0.000000 0.000000
0.000000 1.000000 0.000000 0.000000
0.000000 0.000000 1.000000 0.000000
0.000000 0.000000 0.000000 1.000000
BoneName: mixamorig:LeftHandIndex3_$AssimpFbx$_Translation
BoneIndex: 89
BoneParentIndex: 31
ChildIndicesCount: 1
90
1.000000 0.000000 -0.000000 0.000000
0.000000 1.000000 -0.000000 0.000000
-0.000000 -0.000000 1.000000 -0.000000
-0.001534 0.405671 0.000000 1.000000
1.000000 0.000000 0.000000 0.000000
0.000000 1.000000 0.000000 0.000000
0.000000 0.000000 1.000000 0.000000
0.000000 0.000000 0.000000 1.000000
BoneName: mixamorig:LeftHandIndex3_$AssimpFbx$_PreRotation
BoneIndex: 90
BoneParentIndex: 89
ChildIndicesCount: 1
91
1.000000 0.000000 -0.000000 0.000000
0.000000 0.998706 -0.050854 0.000000
-0.000000 0.050854 0.998706 -0.000000
0.000000 0.000000 -0.000000 1.000000
1.000000 0.000000 0.000000 0.000000
0.000000 1.000000 0.000000 0.000000
0.000000 0.000000 1.000000 0.000000
0.000000 0.000000 0.000000 1.000000
BoneName: mixamorig:LeftHandIndex3_$AssimpFbx$_Rotation
BoneIndex: 91
BoneParentIndex: 90
ChildIndicesCount: 1
32
1.000000 0.000000 -0.000000 0.000000
0.000000 1.000000 -0.000000 0.000000
-0.000000 -0.000000 1.000000 -0.000000
0.000000 0.000000 -0.000000 1.000000
1.000000 0.000000 0.000000 0.000000
0.000000 1.000000 0.000000 0.000000
0.000000 0.000000 1.000000 0.000000
0.000000 0.000000 0.000000 1.000000
BoneName: mixamorig:LeftHandIndex4
BoneIndex: 92
BoneParentIndex: 32
ChildIndicesCount: 0
1.000000 0.000000 -0.000000 0.000000
0.000000 1.000000 -0.000000 0.000000
-0.000000 -0.000000 1.000000 -0.000000
-0.002559 0.319163 -0.000000 1.000000
1.000000 0.000000 0.000000 0.000000
0.000000 1.000000 0.000000 0.000000
0.000000 0.000000 1.000000 0.000000
0.000000 0.000000 0.000000 1.000000
BoneName: mixamorig:LeftHandMiddle1_$AssimpFbx$_Translation
BoneIndex: 93
BoneParentIndex: 18
ChildIndicesCount: 1
94
1.000000 0.000000 -0.000000 0.000000
0.000000 1.000000 -0.000000 0.000000
-0.000000 -0.000000 1.000000 -0.000000
-0.108249 1.061898 0.053992 1.000000
1.000000 0.000000 0.000000 0.000000
0.000000 1.000000 0.000000 0.000000
0.000000 0.000000 1.000000 0.000000
0.000000 0.000000 0.000000 1.000000
BoneName: mixamorig:LeftHandMiddle1_$AssimpFbx$_PreRotation
BoneIndex: 94
BoneParentIndex: 93
ChildIndicesCount: 1
95
0.999725 -0.023442 0.000000 0.000000
0.022294 0.950772 -0.309090 0.000000
0.007246 0.309005 0.951033 -0.000000
0.000000 0.000000 -0.000000 1.000000
1.000000 0.000000 0.000000 0.000000
0.000000 1.000000 0.000000 0.000000
0.000000 0.000000 1.000000 0.000000
0.000000 0.000000 0.000000 1.000000
BoneName: mixamorig:LeftHandMiddle1_$AssimpFbx$_Rotation
BoneIndex: 95
BoneParentIndex: 94
ChildIndicesCount: 1
22
1.000000 0.000000 -0.000000 0.000000
0.000000 1.000000 -0.000000 0.000000
-0.000000 -0.000000 1.000000 -0.000000
0.000000 0.000000 -0.000000 1.000000
1.000000 0.000000 0.000000 0.000000
0.000000 1.000000 0.000000 0.000000
0.000000 0.000000 1.000000 0.000000
0.000000 0.000000 0.000000 1.000000
BoneName: mixamorig:LeftHandMiddle2_$AssimpFbx$_Translation
BoneIndex: 96
BoneParentIndex: 22
ChildIndicesCount: 1
97
1.000000 0.000000 -0.000000 0.000000
0.000000 1.000000 -0.000000 0.000000
-0.000000 -0.000000 1.000000 -0.000000
0.001210 0.450693 0.000000 1.000000
1.000000 0.000000 0.000000 0.000000
0.000000 1.000000 0.000000 0.000000
0.000000 0.000000 1.000000 0.000000
0.000000 0.000000 0.000000 1.000000
BoneName: mixamorig:LeftHandMiddle2_$AssimpFbx$_PreRotation
BoneIndex: 97
BoneParentIndex: 96
ChildIndicesCount: 1
98
1.000000 0.000000 -0.000000 0.000000
0.000000 0.997899 -0.064782 0.000000
-0.000000 0.064782 0.997899 -0.000000
0.000000 0.000000 -0.000000 1.000000
1.000000 0.000000 0.000000 0.000000
0.000000 1.000000 0.000000 0.000000
0.000000 0.000000 1.000000 0.000000
0.000000 0.000000 0.000000 1.000000
BoneName: mixamorig:LeftHandMiddle2_$AssimpFbx$_Rotation
BoneIndex: 98
BoneParentIndex: 97
ChildIndicesCount: 1
30
1.000000 0.000000 -0.000000 0.000000
0.000000 1.000000 -0.000000 0.000000
-0.000000 -0.000000 1.000000 -0.000000
0.000000 0.000000 -0.000000 1.000000
1.000000 0.000000 0.000000 0.000000
0.000000 1.000000 0.000000 0.000000
0.000000 0.000000 1.000000 0.000000
0.000000 0.000000 0.000000 1.000000
BoneName: mixamorig:LeftHandMiddle3_$AssimpFbx$_Translation
BoneIndex: 99
BoneParentIndex: 30
ChildIndicesCount: 1
100
1.000000 0.000000 -0.000000 0.000000
0.000000 1.000000 -0.000000 0.000000
-0.000000 -0.000000 1.000000 -0.000000
-0.001261 0.434245 -0.000000 1.000000
1.000000 0.000000 0.000000 0.000000
0.000000 1.000000 0.000000 0.000000
0.000000 0.000000 1.000000 0.000000
0.000000 0.000000 0.000000 1.000000
BoneName: mixamorig:LeftHandMiddle3_$AssimpFbx$_PreRotation
