BonesCount: 211
BoneName: mixamorig:Hips
BoneIndex: 0
BoneParentIndex: 52
ChildIndicesCount: 3
53
184
197
1.000000 0.000000 -0.000000 0.000000
0.000000 1.000000 -0.000000 0.000000
-0.000000 -0.000000 1.000000 -0.000000
0.000000 9.534600 -0.058771 1.000000
1.000000 0.000000 -0.000000 0.000000
0.000000 1.000000 -0.000000 0.000000
-0.000000 -0.000000 1.000000 -0.000000
0.000000 -9.523994 0.058771 1.000000
BoneName: mixamorig:Spine
BoneIndex: 1
BoneParentIndex: 55
ChildIndicesCount: 1
2
1.000000 0.000000 -0.000000 0.000000
0.000000 1.000000 -0.000000 0.000000
-0.000000 -0.000000 1.000000 -0.000000
0.000000 0.000000 -0.000000 1.000000
1.000000 0.000000 -0.000000 0.000000
0.000000 0.996192 -0.087185 0.000000
-0.000000 0.087185 0.996192 -0.000000
0.000000 -10.573887 0.888901 1.000000
BoneName: mixamorig:Spine1
BoneIndex: 2
BoneParentIndex: 1
ChildIndicesCount: 1
3
1.000000 0.000000 -0.000000 0.000000
0.000000 1.000000 -0.000000 0.000000
-0.000000 -0.000000 1.000000 -0.000000
0.000000 1.273163 -0.000000 1.000000
1.000000 0.000000 -0.000000 0.000000
0.000000 0.996192 -0.087185 0.000000
-0.000000 0.087185 0.996192 -0.000000
0.000000 -11.847049 0.888901 1.000000
BoneName: mixamorig:Spine2
BoneIndex: 3
BoneParentIndex: 2
ChildIndicesCount: 3
56
60
122
1.000000 0.000000 -0.000000 0.000000
0.000000 1.000000 -0.000000 0.000000
-0.000000 -0.000000 1.000000 -0.000000
0.000000 1.455044 0.000000 1.000000
1.000000 0.000000 -0.000000 0.000000
0.000000 0.996192 -0.087185 0.000000
-0.000000 0.087185 0.996192 -0.000000
0.000000 -13.302093 0.888901 1.000000
BoneName: mixamorig:Neck
BoneIndex: 4
BoneParentIndex: 58
ChildIndicesCount: 1
5
1.000000 0.000000 -0.000000 0.000000
0.000000 1.000000 -0.000000 0.000000
-0.000000 -0.000000 1.000000 -0.000000
0.000000 0.000000 -0.000000 1.000000
1.000000 0.000000 -0.000000 0.000000
0.000000 1.000000 0.000000 0.000000
-0.000000 -0.000000 1.000000 -0.000000
0.000000 -14.959630 -0.416949 1.000000
BoneName: mixamorig:Head
BoneIndex: 5
BoneParentIndex: 4
ChildIndicesCount: 1
59
1.000000 0.000000 -0.000000 0.000000
0.000000 1.000000 -0.000000 0.000000
-0.000000 -0.000000 1.000000 -0.000000
0.000000 0.611671 -0.242331 1.000000
1.000000 0.000000 -0.000000 0.000000
0.000000 1.000000 0.000000 0.000000
-0.000000 -0.000000 1.000000 -0.000000
0.000000 -15.571301 -0.174619 1.000000
BoneName: mixamorig:LeftShoulder
BoneIndex: 6
BoneParentIndex: 62
ChildIndicesCount: 1
63
1.000000 0.000000 -0.000000 0.000000
0.000000 1.000000 -0.000000 0.000000
-0.000000 -0.000000 1.000000 -0.000000
0.000000 0.000000 -0.000000 1.000000
-0.040610 0.968333 0.246338 0.000000
-0.089342 -0.249073 0.964355 0.000000
0.995173 0.017154 0.096628 -0.000000
0.917931 2.922768 -14.451691 1.000000
BoneName: mixamorig:LeftArm
BoneIndex: 7
BoneParentIndex: 65
ChildIndicesCount: 1
66
1.000000 0.000000 -0.000000 0.000000
0.000000 1.000000 -0.000000 0.000000
-0.000000 -0.000000 1.000000 -0.000000
0.000000 0.000000 -0.000000 1.000000
0.001943 0.993489 0.113908 0.000000
-0.100192 -0.113142 0.988514 0.000000
0.994966 -0.013333 0.099319 -0.000000
0.963305 -0.309349 -14.368675 1.000000
BoneName: mixamorig:LeftForeArm
BoneIndex: 8
BoneParentIndex: 68
ChildIndicesCount: 1
69
1.000000 0.000000 -0.000000 0.000000
0.000000 1.000000 -0.000000 0.000000
-0.000000 -0.000000 1.000000 -0.000000
0.000000 0.000000 -0.000000 1.000000
0.026847 0.995987 0.085374 0.000000
-0.102996 -0.082194 0.991280 0.000000
0.994319 -0.035406 0.100376 -0.000000
0.893645 -3.240066 -14.372459 1.000000
BoneName: mixamorig:LeftHand
BoneIndex: 9
BoneParentIndex: 71
ChildIndicesCount: 5
72
82
92
102
112
1.000000 0.000000 -0.000000 0.000000
0.000000 1.000000 -0.000000 0.000000
-0.000000 -0.000000 1.000000 -0.000000
0.000000 0.000000 -0.000000 1.000000
0.113152 0.981742 0.152902 0.000000
0.106177 -0.164957 0.980569 0.000000
0.987888 -0.094719 -0.122904 -0.000000
-2.600713 -4.454088 -14.611442 1.000000
BoneName: mixamorig:LeftHandPinky1
BoneIndex: 10
BoneParentIndex: 114
ChildIndicesCount: 1
115
1.000000 0.000000 -0.000000 0.000000
0.000000 1.000000 -0.000000 0.000000
-0.000000 -0.000000 1.000000 -0.000000
0.000000 0.000000 -0.000000 1.000000
0.007437 0.966398 0.256942 0.000000
0.123221 -0.255876 0.958824 0.000000
0.992351 0.024530 -0.120984 -0.000000
-2.331807 -4.101314 -15.143405 1.000000
BoneName: mixamorig:RightShoulder
BoneIndex: 11
BoneParentIndex: 124
ChildIndicesCount: 1
125
1.000000 0.000000 -0.000000 0.000000
0.000000 1.000000 -0.000000 0.000000
-0.000000 -0.000000 1.000000 -0.000000
0.000000 0.000000 -0.000000 1.000000
-0.004638 -0.968333 -0.249619 0.000000
0.086643 -0.249072 0.964602 0.000000
-0.996229 -0.017154 0.085055 -0.000000
-0.881665 2.937058 -14.450139 1.000000
BoneName: mixamorig:RightArm
BoneIndex: 12
BoneParentIndex: 127
ChildIndicesCount: 1
128
1.000000 0.000000 -0.000000 0.000000
0.000000 1.000000 -0.000000 0.000000
-0.000000 -0.000000 1.000000 -0.000000
0.000000 0.000000 -0.000000 1.000000
-0.047804 -0.992819 -0.109663 0.000000
0.075453 -0.113064 0.990719 0.000000
-0.996003 0.039086 0.080316 -0.000000
-0.706542 -0.333496 -14.383049 1.000000
BoneName: mixamorig:RightForeArm
BoneIndex: 13
BoneParentIndex: 130
ChildIndicesCount: 1
131
1.000000 0.000000 -0.000000 0.000000
0.000000 1.000000 -0.000000 0.000000
-0.000000 -0.000000 1.000000 -0.000000
0.000000 0.000000 -0.000000 1.000000
0.030594 -0.995910 -0.085015 0.000000
0.084130 -0.082187 0.993060 0.000000
-0.995985 -0.037534 0.081271 -0.000000
-0.607051 -3.238752 -14.387830 1.000000
BoneName: mixamorig:RightHand
BoneIndex: 14
BoneParentIndex: 133
ChildIndicesCount: 5
134
144
154
164
174
1.000000 0.000000 -0.000000 0.000000
0.000000 1.000000 -0.000000 0.000000
-0.000000 -0.000000 1.000000 -0.000000
0.000000 0.000000 -0.000000 1.000000
0.112986 -0.980137 -0.162990 0.000000
-0.081916 -0.172671 0.981567 0.000000
-0.990214 -0.097552 -0.099798 -0.000000
2.262408 -4.335173 -14.703188 1.000000
BoneName: mixamorig:RightHandPinky1
BoneIndex: 15
BoneParentIndex: 176
ChildIndicesCount: 1
177
1.000000 0.000000 -0.000000 0.000000
0.000000 1.000000 -0.000000 0.000000
-0.000000 -0.000000 1.000000 -0.000000
0.000000 0.000000 -0.000000 1.000000
-0.061729 -0.967938 -0.243487 0.000000
-0.111098 -0.235773 0.965437 0.000000
-0.991890 0.086646 -0.092982 -0.000000
1.601549 -4.378988 -15.132442 1.000000
BoneName: mixamorig:LeftUpLeg
BoneIndex: 16
BoneParentIndex: 186
ChildIndicesCount: 1
187
1.000000 0.000000 -0.000000 0.000000
0.000000 1.000000 -0.000000 0.000000
-0.000000 -0.000000 1.000000 -0.000000
0.000000 0.000000 -0.000000 1.000000
-1.000000 -0.000000 0.000000 0.000000
0.000000 -0.999927 0.012085 0.000000
-0.000000 0.012085 0.999927 -0.000000
1.340027 8.919216 -0.121704 1.000000
BoneName: mixamorig:LeftLeg
BoneIndex: 17
BoneParentIndex: 189
ChildIndicesCount: 1
190
1.000000 0.000000 -0.000000 0.000000
0.000000 1.000000 -0.000000 0.000000
-0.000000 -0.000000 1.000000 -0.000000
0.000000 0.000000 -0.000000 1.000000
-0.999186 0.040249 -0.002722 0.000000
-0.040338 -0.996021 0.079462 0.000000
0.000488 0.079507 0.996834 -0.000000
1.533087 4.735720 -0.442205 1.000000
BoneName: mixamorig:LeftFoot
BoneIndex: 18
BoneParentIndex: 192
ChildIndicesCount: 1
193
1.000000 0.000000 -0.000000 0.000000
0.000000 1.000000 -0.000000 0.000000
-0.000000 -0.000000 1.000000 -0.000000
0.000000 0.000000 -0.000000 1.000000
-0.997923 0.064107 0.006242 0.000000
-0.044075 -0.608995 -0.791949 0.000000
-0.046968 -0.790579 0.610555 -0.000000
1.552401 0.891973 0.692649 1.000000
BoneName: mixamorig:LeftToeBase
BoneIndex: 19
BoneParentIndex: 195
ChildIndicesCount: 1
196
1.000000 0.000000 -0.000000 0.000000
0.000000 1.000000 -0.000000 0.000000
-0.000000 -0.000000 1.000000 -0.000000
0.000000 0.000000 -0.000000 1.000000
-0.997722 0.063486 0.022801 0.000000
-0.022449 0.006246 -0.999729 0.000000
-0.063611 -0.997963 -0.004807 -0.000000
1.532922 -1.152699 0.034069 1.000000
BoneName: mixamorig:RightUpLeg
BoneIndex: 20
BoneParentIndex: 199
ChildIndicesCount: 1
200
1.000000 0.000000 -0.000000 0.000000
0.000000 1.000000 -0.000000 0.000000
-0.000000 -0.000000 1.000000 -0.000000
0.000000 0.000000 -0.000000 1.000000
-1.000000 -0.000000 0.000000 0.000000
0.000000 -0.999920 0.012655 0.000000
-0.000000 0.012655 0.999920 -0.000000
-1.340027 8.919057 -0.133826 1.000000
BoneName: mixamorig:RightLeg
BoneIndex: 21
BoneParentIndex: 202
ChildIndicesCount: 1
203
1.000000 0.000000 -0.000000 0.000000
0.000000 1.000000 -0.000000 0.000000
-0.000000 -0.000000 1.000000 -0.000000
0.000000 0.000000 -0.000000 1.000000
-0.999186 -0.040263 0.002513 0.000000
0.040339 -0.996377 0.074872 0.000000
-0.000511 0.074912 0.997190 -0.000000
-1.533084 4.737002 -0.429761 1.000000
BoneName: mixamorig:RightFoot
BoneIndex: 22
BoneParentIndex: 205
ChildIndicesCount: 1
206
1.000000 0.000000 -0.000000 0.000000
0.000000 1.000000 -0.000000 0.000000
-0.000000 -0.000000 1.000000 -0.000000
0.000000 0.000000 -0.000000 1.000000
-0.997933 -0.058461 0.026672 0.000000
0.014389 -0.607835 -0.793933 0.000000
0.062627 -0.791909 0.607420 -0.000000
-1.523061 0.893498 0.749632 1.000000
BoneName: mixamorig:RightToeBase
BoneIndex: 23
BoneParentIndex: 208
ChildIndicesCount: 1
209
1.000000 0.000000 -0.000000 0.000000
0.000000 1.000000 -0.000000 0.000000
-0.000000 -0.000000 1.000000 -0.000000
0.000000 0.000000 -0.000000 1.000000
-0.996877 -0.078729 0.006139 0.000000
-0.006639 0.006086 -0.999959 0.000000
0.078689 -0.996877 -0.006589 -0.000000
-1.502678 -1.188320 0.078005 1.000000
BoneName: mixamorig:LeftHandThumb1
BoneIndex: 24
BoneParentIndex: 74
ChildIndicesCount: 1
75
1.000000 0.000000 -0.000000 0.000000
0.000000 1.000000 -0.000000 0.000000
-0.000000 -0.000000 1.000000 -0.000000
0.000000 0.000000 -0.000000 1.000000
0.592250 0.732350 0.336010 0.000000
0.008636 -0.422759 0.906201 0.000000
0.805708 -0.533796 -0.256704 -0.000000
-4.400021 0.546089 -14.796661 1.000000
BoneName: mixamorig:LeftHandThumb2
BoneIndex: 25
BoneParentIndex: 77
ChildIndicesCount: 1
78
1.000000 0.000000 -0.000000 0.000000
0.000000 1.000000 -0.000000 0.000000
-0.000000 -0.000000 1.000000 -0.000000
0.000000 0.000000 -0.000000 1.000000
0.592250 0.651604 0.473974 0.000000
0.008636 -0.593337 0.804908 0.000000
0.805708 -0.472614 -0.357031 -0.000000
-4.327865 3.102955 -14.468839 1.000000
BoneName: mixamorig:LeftHandThumb3
BoneIndex: 26
BoneParentIndex: 80
ChildIndicesCount: 1
81
1.000000 0.000000 -0.000000 0.000000
0.000000 1.000000 -0.000000 0.000000
-0.000000 -0.000000 1.000000 -0.000000
0.000000 0.000000 -0.000000 1.000000
0.592250 0.758419 0.272103 0.000000
0.008636 -0.343655 0.939056 0.000000
0.805708 -0.553806 -0.210080 -0.000000
-4.331032 -1.433597 -14.655314 1.000000
BoneName: mixamorig:LeftHandIndex1
BoneIndex: 27
BoneParentIndex: 84
ChildIndicesCount: 1
85
1.000000 0.000000 -0.000000 0.000000
0.000000 1.000000 -0.000000 0.000000
-0.000000 -0.000000 1.000000 -0.000000
0.000000 0.000000 -0.000000 1.000000
0.212183 0.969952 0.119044 0.000000
0.088892 -0.140470 0.986086 0.000000
0.973179 -0.198649 -0.116026 -0.000000
-2.791915 -5.734468 -14.411323 1.000000
BoneName: mixamorig:LeftHandIndex2
BoneIndex: 28
BoneParentIndex: 87
ChildIndicesCount: 1
88
1.000000 0.000000 -0.000000 0.000000
0.000000 1.000000 -0.000000 0.000000
-0.000000 -0.000000 1.000000 -0.000000
0.000000 0.000000 -0.000000 1.000000
0.212183 0.928348 0.305202 0.000000
0.088892 -0.329354 0.940013 0.000000
0.973179 -0.172325 -0.152406 -0.000000
-2.795509 -3.153182 -15.315643 1.000000
BoneName: mixamorig:LeftHandIndex3
BoneIndex: 29
BoneParentIndex: 90
ChildIndicesCount: 1
91
1.000000 0.000000 -0.000000 0.000000
0.000000 1.000000 -0.000000 0.000000
-0.000000 -0.000000 1.000000 -0.000000
0.000000 0.000000 -0.000000 1.000000
0.212183 0.921171 0.326223 0.000000
0.088892 -0.350634 0.932284 0.000000
0.973179 -0.168817 -0.156283 -0.000000
-2.793803 -3.135458 -15.390882 1.000000
BoneName: mixamorig:LeftHandMiddle1
BoneIndex: 30
BoneParentIndex: 94
ChildIndicesCount: 1
95
1.000000 0.000000 -0.000000 0.000000
0.000000 1.000000 -0.000000 0.000000
-0.000000 -0.000000 1.000000 -0.000000
0.000000 0.000000 -0.000000 1.000000
0.098587 0.982249 0.159588 0.000000
0.108611 -0.170032 0.979435 0.000000
0.989184 -0.079227 -0.123446 -0.000000
-2.415614 -5.497488 -14.656382 1.000000
BoneName: mixamorig:LeftHandMiddle2
BoneIndex: 31
BoneParentIndex: 97
ChildIndicesCount: 1
98
1.000000 0.000000 -0.000000 0.000000
0.000000 1.000000 -0.000000 0.000000
-0.000000 -0.000000 1.000000 -0.000000
0.000000 0.000000 -0.000000 1.000000
0.098587 0.949040 0.299338 0.000000
0.108611 -0.309268 0.944753 0.000000
0.989184 -0.060629 -0.133566 -0.000000
-2.417892 -3.675194 -15.345355 1.000000
BoneName: mixamorig:LeftHandMiddle3
BoneIndex: 32
BoneParentIndex: 100
ChildIndicesCount: 1
101
1.000000 0.000000 -0.000000 0.000000
0.000000 1.000000 -0.000000 0.000000
-0.000000 -0.000000 1.000000 -0.000000
0.000000 0.000000 -0.000000 1.000000
0.098587 0.946153 0.308343 0.000000
0.108611 -0.318232 0.941771 0.000000
0.989184 -0.059357 -0.134136 -0.000000
-2.416748 -3.862551 -15.382756 1.000000
BoneName: mixamorig:LeftHandRing1
BoneIndex: 33
BoneParentIndex: 104
ChildIndicesCount: 1
105
1.000000 0.000000 -0.000000 0.000000
0.000000 1.000000 -0.000000 0.000000
-0.000000 -0.000000 1.000000 -0.000000
0.000000 0.000000 -0.000000 1.000000
0.056119 0.955327 0.290175 0.000000
0.115550 -0.294895 0.948517 0.000000
0.991715 -0.019700 -0.126937 -0.000000
-2.402423 -3.621338 -15.286710 1.000000
BoneName: mixamorig:LeftHandRing2
BoneIndex: 34
BoneParentIndex: 107
ChildIndicesCount: 1
108
1.000000 0.000000 -0.000000 0.000000
0.000000 1.000000 -0.000000 0.000000
-0.000000 -0.000000 1.000000 -0.000000
0.000000 0.000000 -0.000000 1.000000
0.056119 0.949165 0.309736 0.000000
0.115550 -0.314314 0.942260 0.000000
0.991715 -0.017088 -0.127315 -0.000000
-2.401671 -3.581431 -15.363510 1.000000
BoneName: mixamorig:LeftHandRing3
BoneIndex: 35
BoneParentIndex: 110
ChildIndicesCount: 1
111
1.000000 0.000000 -0.000000 0.000000
0.000000 1.000000 -0.000000 0.000000
-0.000000 -0.000000 1.000000 -0.000000
0.000000 0.000000 -0.000000 1.000000
0.056119 0.990188 0.127975 0.000000
0.115550 -0.133757 0.984255 0.000000
0.991715 -0.040447 -0.121923 -0.000000
-2.400590 -6.636188 -14.380861 1.000000
BoneName: mixamorig:LeftHandPinky2
BoneIndex: 36
BoneParentIndex: 117
ChildIndicesCount: 1
118
1.000000 0.000000 -0.000000 0.000000
0.000000 1.000000 -0.000000 0.000000
-0.000000 -0.000000 1.000000 -0.000000
0.000000 0.000000 -0.000000 1.000000
0.007437 0.899215 0.437443 0.000000
0.123221 -0.434946 0.891986 0.000000
0.992351 0.047268 -0.114037 -0.000000
-2.332402 -1.392292 -15.701558 1.000000
BoneName: mixamorig:LeftHandPinky3
BoneIndex: 37
BoneParentIndex: 120
ChildIndicesCount: 1
121
1.000000 0.000000 -0.000000 0.000000
0.000000 1.000000 -0.000000 0.000000
-0.000000 -0.000000 1.000000 -0.000000
0.000000 0.000000 -0.000000 1.000000
0.007437 0.991515 0.129777 0.000000
0.123221 -0.129700 0.983867 0.000000
0.992351 0.008674 -0.123140 -0.000000
-2.330092 -6.535986 -14.370725 1.000000
BoneName: mixamorig:RightHandThumb1
BoneIndex: 38
BoneParentIndex: 136
ChildIndicesCount: 1
137
1.000000 0.000000 -0.000000 0.000000
0.000000 1.000000 -0.000000 0.000000
-0.000000 -0.000000 1.000000 -0.000000
0.000000 0.000000 -0.000000 1.000000
0.586262 -0.720387 -0.370593 0.000000
0.014996 -0.447724 0.894046 0.000000
-0.809983 -0.529703 -0.251681 -0.000000
4.025131 0.963443 -14.868896 1.000000
BoneName: mixamorig:RightHandThumb2
BoneIndex: 39
BoneParentIndex: 139
ChildIndicesCount: 1
140
1.000000 0.000000 -0.000000 0.000000
0.000000 1.000000 -0.000000 0.000000
-0.000000 -0.000000 1.000000 -0.000000
0.000000 0.000000 -0.000000 1.000000
0.586262 -0.670170 -0.455158 0.000000
0.014996 -0.552765 0.833202 0.000000
-0.809983 -0.495300 -0.314015 -0.000000
3.948111 2.392932 -14.687156 1.000000
BoneName: mixamorig:RightHandThumb3
BoneIndex: 40
BoneParentIndex: 142
ChildIndicesCount: 1
143
1.000000 0.000000 -0.000000 0.000000
0.000000 1.000000 -0.000000 0.000000
-0.000000 -0.000000 1.000000 -0.000000
0.000000 0.000000 -0.000000 1.000000
0.586262 -0.769300 -0.253918 0.000000
0.014996 -0.303072 0.952850 0.000000
-0.809983 -0.562427 -0.166143 -0.000000
3.969744 -2.070462 -14.682259 1.000000
BoneName: mixamorig:RightHandIndex1
BoneIndex: 41
BoneParentIndex: 146
ChildIndicesCount: 1
147
1.000000 0.000000 -0.000000 0.000000
0.000000 1.000000 -0.000000 0.000000
-0.000000 -0.000000 1.000000 -0.000000
0.000000 0.000000 -0.000000 1.000000
0.205786 -0.966767 -0.151703 0.000000
-0.065105 -0.168203 0.983600 0.000000
-0.976429 -0.192534 -0.097555 -0.000000
2.417871 -5.367499 -14.636156 1.000000
BoneName: mixamorig:RightHandIndex2
BoneIndex: 42
BoneParentIndex: 149
ChildIndicesCount: 1
150
1.000000 0.000000 -0.000000 0.000000
0.000000 1.000000 -0.000000 0.000000
-0.000000 -0.000000 1.000000 -0.000000
0.000000 0.000000 -0.000000 1.000000
0.205786 -0.927911 -0.310860 0.000000
-0.065105 -0.329937 0.941755 0.000000
-0.976429 -0.173561 -0.128308 -0.000000
2.420284 -3.182483 -15.382648 1.000000
BoneName: mixamorig:RightHandIndex3
BoneIndex: 43
BoneParentIndex: 152
ChildIndicesCount: 1
153
1.000000 0.000000 -0.000000 0.000000
0.000000 1.000000 -0.000000 0.000000
-0.000000 -0.000000 1.000000 -0.000000
0.000000 0.000000 -0.000000 1.000000
0.205786 -0.909095 -0.362213 0.000000
-0.065105 -0.382033 0.921853 0.000000
-0.976429 -0.166122 -0.137804 -0.000000
2.419442 -2.632866 -15.554024 1.000000
BoneName: mixamorig:RightHandMiddle1
BoneIndex: 44
BoneParentIndex: 156
ChildIndicesCount: 1
157
1.000000 0.000000 -0.000000 0.000000
0.000000 1.000000 -0.000000 0.000000
-0.000000 -0.000000 1.000000 -0.000000
0.000000 0.000000 -0.000000 1.000000
0.121642 -0.978556 -0.166231 0.000000
-0.080387 -0.176637 0.980988 0.000000
-0.989314 -0.105966 -0.100150 -0.000000
2.225201 -5.462465 -14.739543 1.000000
BoneName: mixamorig:RightHandMiddle2
BoneIndex: 45
BoneParentIndex: 159
ChildIndicesCount: 1
160
1.000000 0.000000 -0.000000 0.000000
0.000000 1.000000 -0.000000 0.000000
-0.000000 -0.000000 1.000000 -0.000000
0.000000 0.000000 -0.000000 1.000000
0.121642 -0.941219 -0.315134 0.000000
-0.080387 -0.325791 0.942018 0.000000
-0.989314 -0.089256 -0.115292 -0.000000
2.225253 -3.427674 -15.452899 1.000000
BoneName: mixamorig:RightHandMiddle3
BoneIndex: 46
BoneParentIndex: 162
ChildIndicesCount: 1
163
1.000000 0.000000 -0.000000 0.000000
0.000000 1.000000 -0.000000 0.000000
-0.000000 -0.000000 1.000000 -0.000000
0.000000 0.000000 -0.000000 1.000000
0.121642 -0.991754 0.040352 0.000000
-0.080387 0.030677 0.996292 0.000000
-0.989314 -0.124434 -0.075993 -0.000000
2.222735 -9.000227 -13.108497 1.000000
BoneName: mixamorig:RightHandRing1
BoneIndex: 47
BoneParentIndex: 166
ChildIndicesCount: 1
167
1.000000 0.000000 -0.000000 0.000000
0.000000 1.000000 -0.000000 0.000000
-0.000000 -0.000000 1.000000 -0.000000
0.000000 0.000000 -0.000000 1.000000
0.049980 -0.972660 -0.226794 0.000000
-0.092807 -0.230618 0.968608 0.000000
-0.994429 -0.027363 -0.101796 -0.000000
2.032783 -4.748529 -15.035581 1.000000
BoneName: mixamorig:RightHandRing2
BoneIndex: 48
BoneParentIndex: 169
ChildIndicesCount: 1
170
1.000000 0.000000 -0.000000 0.000000
0.000000 1.000000 -0.000000 0.000000
-0.000000 -0.000000 1.000000 -0.000000
0.000000 0.000000 -0.000000 1.000000
0.049980 -0.961983 -0.268496 0.000000
-0.092807 -0.272142 0.957771 0.000000
-0.994429 -0.022951 -0.102880 -0.000000
2.032472 -4.347329 -15.237063 1.000000
BoneName: mixamorig:RightHandRing3
BoneIndex: 49
BoneParentIndex: 172
ChildIndicesCount: 1
173
1.000000 0.000000 -0.000000 0.000000
0.000000 1.000000 -0.000000 0.000000
-0.000000 -0.000000 1.000000 -0.000000
0.000000 0.000000 -0.000000 1.000000
0.049980 -0.997489 -0.050169 0.000000
-0.092807 -0.054653 0.994183 0.000000
-0.994429 -0.045033 -0.095305 -0.000000
2.031686 -7.823482 -13.854828 1.000000
BoneName: mixamorig:RightHandPinky2
BoneIndex: 50
BoneParentIndex: 179
ChildIndicesCount: 1
180
1.000000 0.000000 -0.000000 0.000000
0.000000 1.000000 -0.000000 0.000000
-0.000000 -0.000000 1.000000 -0.000000
0.000000 0.000000 -0.000000 1.000000
-0.061729 -0.920892 -0.384900 0.000000
-0.111098 -0.376899 0.919568 0.000000
-0.991890 0.099526 -0.079044 -0.000000
1.601861 -2.372107 -15.660232 1.000000
BoneName: mixamorig:RightHandPinky3
BoneIndex: 51
BoneParentIndex: 182
ChildIndicesCount: 1
183
1.000000 0.000000 -0.000000 0.000000
0.000000 1.000000 -0.000000 0.000000
-0.000000 -0.000000 1.000000 -0.000000
0.000000 0.000000 -0.000000 1.000000
-0.061729 -0.985993 -0.154940 0.000000
-0.111098 -0.147484 0.982805 0.000000
-0.991890 0.077881 -0.100438 -0.000000
1.600654 -6.276966 -14.586171 1.000000
BoneName: RootNode
BoneIndex: 52
BoneParentIndex: -1
ChildIndicesCount: 2
0
210
1.000000 0.000000 -0.000000 0.000000
0.000000 1.000000 -0.000000 0.000000
-0.000000 -0.000000 1.000000 -0.000000
0.000000 0.000000 -0.000000 1.000000
1.000000 0.000000 0.000000 0.000000
0.000000 1.000000 0.000000 0.000000
0.000000 0.000000 1.000000 0.000000
0.000000 0.000000 0.000000 1.000000
BoneName: mixamorig:Spine_$AssimpFbx$_Translation
BoneIndex: 53
BoneParentIndex: 0
ChildIndicesCount: 1
54
1.000000 0.000000 -0.000000 0.000000
0.000000 1.000000 -0.000000 0.000000
-0.000000 -0.000000 1.000000 -0.000000
0.000000 1.087127 0.095144 1.000000
1.000000 0.000000 0.000000 0.000000
0.000000 1.000000 0.000000 0.000000
0.000000 0.000000 1.000000 0.000000
0.000000 0.000000 0.000000 1.000000
BoneName: mixamorig:Spine_$AssimpFbx$_PreRotation
BoneIndex: 54
BoneParentIndex: 53
ChildIndicesCount: 1
55
1.000000 0.000000 -0.000000 0.000000
0.000000 0.996192 0.087185 0.000000
-0.000000 -0.087185 0.996192 -0.000000
0.000000 0.000000 -0.000000 1.000000
1.000000 0.000000 0.000000 0.000000
0.000000 1.000000 0.000000 0.000000
0.000000 0.000000 1.000000 0.000000
0.000000 0.000000 0.000000 1.000000
BoneName: mixamorig:Spine_$AssimpFbx$_Rotation
BoneIndex: 55
BoneParentIndex: 54
ChildIndicesCount: 1
1
1.000000 0.000000 -0.000000 0.000000
0.000000 1.000000 -0.000000 0.000000
-0.000000 -0.000000 1.000000 -0.000000
0.000000 0.000000 -0.000000 1.000000
1.000000 0.000000 0.000000 0.000000
0.000000 1.000000 0.000000 0.000000
0.000000 0.000000 1.000000 0.000000
0.000000 0.000000 0.000000 1.000000
BoneName: mixamorig:Neck_$AssimpFbx$_Translation
BoneIndex: 56
BoneParentIndex: 3
ChildIndicesCount: 1
57
1.000000 0.000000 -0.000000 0.000000
0.000000 1.000000 -0.000000 0.000000
-0.000000 -0.000000 1.000000 -0.000000
0.000000 1.636923 0.000000 1.000000
1.000000 0.000000 0.000000 0.000000
0.000000 1.000000 0.000000 0.000000
0.000000 0.000000 1.000000 0.000000
0.000000 0.000000 0.000000 1.000000
BoneName: mixamorig:Neck_$AssimpFbx$_PreRotation
BoneIndex: 57
BoneParentIndex: 56
ChildIndicesCount: 1
58
1.000000 0.000000 -0.000000 0.000000
0.000000 0.996192 -0.087185 0.000000
-0.000000 0.087185 0.996192 -0.000000
0.000000 0.000000 -0.000000 1.000000
1.000000 0.000000 0.000000 0.000000
0.000000 1.000000 0.000000 0.000000
0.000000 0.000000 1.000000 0.000000
0.000000 0.000000 0.000000 1.000000
BoneName: mixamorig:Neck_$AssimpFbx$_Rotation
BoneIndex: 58
BoneParentIndex: 57
ChildIndicesCount: 1
4
1.000000 0.000000 -0.000000 0.000000
0.000000 1.000000 -0.000000 0.000000
-0.000000 -0.000000 1.000000 -0.000000
0.000000 0.000000 -0.000000 1.000000
1.000000 0.000000 0.000000 0.000000
0.000000 1.000000 0.000000 0.000000
0.000000 0.000000 1.000000 0.000000
0.000000 0.000000 0.000000 1.000000
BoneName: mixamorig:HeadTop_End
BoneIndex: 59
BoneParentIndex: 5
ChildIndicesCount: 0
1.000000 0.000000 -0.000000 0.000000
0.000000 1.000000 -0.000000 0.000000
-0.000000 -0.000000 1.000000 -0.000000
0.000000 2.371275 -0.939447 1.000000
1.000000 0.000000 0.000000 0.000000
0.000000 1.000000 0.000000 0.000000
0.000000 0.000000 1.000000 0.000000
0.000000 0.000000 0.000000 1.000000
BoneName: mixamorig:LeftShoulder_$AssimpFbx$_Translation
BoneIndex: 60
BoneParentIndex: 3
ChildIndicesCount: 1
61
1.000000 0.000000 -0.000000 0.000000
0.000000 1.000000 -0.000000 0.000000
-0.000000 -0.000000 1.000000 -0.000000
0.767062 1.426041 0.034370 1.000000
1.000000 0.000000 0.000000 0.000000
0.000000 1.000000 0.000000 0.000000
0.000000 0.000000 1.000000 0.000000
0.000000 0.000000 0.000000 1.000000
BoneName: mixamorig:LeftShoulder_$AssimpFbx$_PreRotation
BoneIndex: 61
BoneParentIndex: 60
ChildIndicesCount: 1
62
-0.040610 -0.002238 0.999173 0.000000
0.968333 -0.246628 0.038804 0.000000
0.246338 0.969108 0.012182 -0.000000
0.000000 0.000000 -0.000000 1.000000
1.000000 0.000000 0.000000 0.000000
0.000000 1.000000 0.000000 0.000000
0.000000 0.000000 1.000000 0.000000
0.000000 0.000000 0.000000 1.000000
BoneName: mixamorig:LeftShoulder_$AssimpFbx$_Rotation
BoneIndex: 62
BoneParentIndex: 61
ChildIndicesCount: 1
6
1.000000 0.000000 -0.000000 0.000000
0.000000 1.000000 -0.000000 0.000000
-0.000000 -0.000000 1.000000 -0.000000
0.000000 0.000000 -0.000000 1.000000
1.000000 0.000000 0.000000 0.000000
0.000000 1.000000 0.000000 0.000000
0.000000 0.000000 1.000000 0.000000
0.000000 0.000000 0.000000 1.000000
BoneName: mixamorig:LeftArm_$AssimpFbx$_Translation
BoneIndex: 63
BoneParentIndex: 6
ChildIndicesCount: 1
64
1.000000 0.000000 -0.000000 0.000000
0.000000 1.000000 -0.000000 0.000000
-0.000000 -0.000000 1.000000 -0.000000
0.026841 1.258347 -0.171700 1.000000
1.000000 0.000000 0.000000 0.000000
0.000000 1.000000 0.000000 0.000000
0.000000 0.000000 1.000000 0.000000
0.000000 0.000000 0.000000 1.000000
BoneName: mixamorig:LeftArm_$AssimpFbx$_PreRotation
BoneIndex: 64
BoneParentIndex: 63
ChildIndicesCount: 1
65
0.999036 0.043904 -0.000000 0.000000
-0.043506 0.989980 0.134337 0.000000
0.005898 -0.134207 0.990936 -0.000000
0.000000 0.000000 -0.000000 1.000000
1.000000 0.000000 0.000000 0.000000
0.000000 1.000000 0.000000 0.000000
0.000000 0.000000 1.000000 0.000000
0.000000 0.000000 0.000000 1.000000
BoneName: mixamorig:LeftArm_$AssimpFbx$_Rotation
BoneIndex: 65
BoneParentIndex: 64
ChildIndicesCount: 1
7
1.000000 0.000000 -0.000000 0.000000
0.000000 1.000000 -0.000000 0.000000
-0.000000 -0.000000 1.000000 -0.000000
0.000000 0.000000 -0.000000 1.000000
1.000000 0.000000 0.000000 0.000000
0.000000 1.000000 0.000000 0.000000
0.000000 0.000000 1.000000 0.000000
0.000000 0.000000 0.000000 1.000000
BoneName: mixamorig:LeftForeArm_$AssimpFbx$_Translation
BoneIndex: 66
BoneParentIndex: 7
ChildIndicesCount: 1
67
1.000000 0.000000 -0.000000 0.000000
0.000000 1.000000 -0.000000 0.000000
-0.000000 -0.000000 1.000000 -0.000000
-0.000913 2.493829 0.090807 1.000000
1.000000 0.000000 0.000000 0.000000
0.000000 1.000000 0.000000 0.000000
0.000000 0.000000 1.000000 0.000000
0.000000 0.000000 0.000000 1.000000
BoneName: mixamorig:LeftForeArm_$AssimpFbx$_PreRotation
BoneIndex: 67
BoneParentIndex: 66
ChildIndicesCount: 1
68
0.999686 0.025068 -0.000000 0.000000
-0.025058 0.999274 0.028684 0.000000
0.000719 -0.028675 0.999589 -0.000000
0.000000 0.000000 -0.000000 1.000000
1.000000 0.000000 0.000000 0.000000
0.000000 1.000000 0.000000 0.000000
0.000000 0.000000 1.000000 0.000000
0.000000 0.000000 0.000000 1.000000
BoneName: mixamorig:LeftForeArm_$AssimpFbx$_Rotation
BoneIndex: 68
BoneParentIndex: 67
ChildIndicesCount: 1
8
1.000000 0.000000 -0.000000 0.000000
0.000000 1.000000 -0.000000 0.000000
-0.000000 -0.000000 1.000000 -0.000000
0.000000 0.000000 -0.000000 1.000000
1.000000 0.000000 0.000000 0.000000
0.000000 1.000000 0.000000 0.000000
0.000000 0.000000 1.000000 0.000000
0.000000 0.000000 0.000000 1.000000
BoneName: mixamorig:LeftHand_$AssimpFbx$_Translation
BoneIndex: 69
BoneParentIndex: 8
ChildIndicesCount: 1
70
1.000000 0.000000 -0.000000 0.000000
0.000000 1.000000 -0.000000 0.000000
-0.000000 -0.000000 1.000000 -0.000000
0.000000 2.481004 0.000000 1.000000
1.000000 0.000000 0.000000 0.000000
0.000000 1.000000 0.000000 0.000000
0.000000 0.000000 1.000000 0.000000
0.000000 0.000000 0.000000 1.000000
BoneName: mixamorig:LeftHand_$AssimpFbx$_PreRotation
BoneIndex: 70
BoneParentIndex: 69
ChildIndicesCount: 1
71
0.974378 0.068993 0.214072 0.000000
-0.050833 0.994715 -0.089210 0.000000
-0.219096 0.076043 0.972736 -0.000000
0.000000 0.000000 -0.000000 1.000000
1.000000 0.000000 0.000000 0.000000
0.000000 1.000000 0.000000 0.000000
0.000000 0.000000 1.000000 0.000000
0.000000 0.000000 0.000000 1.000000
BoneName: mixamorig:LeftHand_$AssimpFbx$_Rotation
BoneIndex: 71
BoneParentIndex: 70
ChildIndicesCount: 1
9
1.000000 0.000000 -0.000000 0.000000
0.000000 1.000000 -0.000000 0.000000
-0.000000 -0.000000 1.000000 -0.000000
0.000000 0.000000 -0.000000 1.000000
1.000000 0.000000 0.000000 0.000000
0.000000 1.000000 0.000000 0.000000
0.000000 0.000000 1.000000 0.000000
0.000000 0.000000 0.000000 1.000000
BoneName: mixamorig:LeftHandThumb1_$AssimpFbx$_Translation
BoneIndex: 72
BoneParentIndex: 9
ChildIndicesCount: 1
73
1.000000 0.000000 -0.000000 0.000000
0.000000 1.000000 -0.000000 0.000000
-0.000000 -0.000000 1.000000 -0.000000
-0.298470 0.332835 -0.106799 1.000000
1.000000 0.000000 0.000000 0.000000
0.000000 1.000000 0.000000 0.000000
0.000000 0.000000 1.000000 0.000000
0.000000 0.000000 0.000000 1.000000
BoneName: mixamorig:LeftHandThumb1_$AssimpFbx$_PreRotation
BoneIndex: 73
BoneParentIndex: 72
ChildIndicesCount: 1
74
0.863880 0.503697 0.000000 0.000000
-0.489351 0.839276 -0.236961 0.000000
-0.119357 0.204706 0.971519 -0.000000
0.000000 0.000000 -0.000000 1.000000
1.000000 0.000000 0.000000 0.000000
0.000000 1.000000 0.000000 0.000000
0.000000 0.000000 1.000000 0.000000
0.000000 0.000000 0.000000 1.000000
BoneName: mixamorig:LeftHandThumb1_$AssimpFbx$_Rotation
BoneIndex: 74
BoneParentIndex: 73
ChildIndicesCount: 1
24
1.000000 0.000000 -0.000000 0.000000
0.000000 1.000000 -0.000000 0.000000
-0.000000 -0.000000 1.000000 -0.000000
0.000000 0.000000 -0.000000 1.000000
1.000000 0.000000 0.000000 0.000000
0.000000 1.000000 0.000000 0.000000
0.000000 0.000000 1.000000 0.000000
0.000000 0.000000 0.000000 1.000000
BoneName: mixamorig:LeftHandThumb2_$AssimpFbx$_Translation
BoneIndex: 75
BoneParentIndex: 24
ChildIndicesCount: 1
76
1.000000 0.000000 -0.000000 0.000000
0.000000 1.000000 -0.000000 0.000000
-0.000000 -0.000000 1.000000 -0.000000
-0.072156 0.360564 -0.000000 1.000000
1.000000 0.000000 0.000000 0.000000
0.000000 1.000000 0.000000 0.000000
0.000000 0.000000 1.000000 0.000000
0.000000 0.000000 0.000000 1.000000
BoneName: mixamorig:LeftHandThumb2_$AssimpFbx$_PreRotation
BoneIndex: 76
BoneParentIndex: 75
ChildIndicesCount: 1
77
1.000000 0.000000 -0.000000 0.000000
0.000000 0.980320 -0.197415 0.000000
-0.000000 0.197415 0.980320 -0.000000
0.000000 0.000000 -0.000000 1.000000
1.000000 0.000000 0.000000 0.000000
0.000000 1.000000 0.000000 0.000000
0.000000 0.000000 1.000000 0.000000
0.000000 0.000000 0.000000 1.000000
BoneName: mixamorig:LeftHandThumb2_$AssimpFbx$_Rotation
BoneIndex: 77
BoneParentIndex: 76
ChildIndicesCount: 1
25
1.000000 0.000000 -0.000000 0.000000
0.000000 1.000000 -0.000000 0.000000
-0.000000 -0.000000 1.000000 -0.000000
0.000000 0.000000 -0.000000 1.000000
1.000000 0.000000 0.000000 0.000000
0.000000 1.000000 0.000000 0.000000
0.000000 0.000000 1.000000 0.000000
0.000000 0.000000 0.000000 1.000000
BoneName: mixamorig:LeftHandThumb3_$AssimpFbx$_Translation
BoneIndex: 78
BoneParentIndex: 25
ChildIndicesCount: 1
79
1.000000 0.000000 -0.000000 0.000000
0.000000 1.000000 -0.000000 0.000000
-0.000000 -0.000000 1.000000 -0.000000
0.003168 0.366872 0.000000 1.000000
1.000000 0.000000 0.000000 0.000000
0.000000 1.000000 0.000000 0.000000
0.000000 0.000000 1.000000 0.000000
0.000000 0.000000 0.000000 1.000000
BoneName: mixamorig:LeftHandThumb3_$AssimpFbx$_PreRotation
BoneIndex: 79
BoneParentIndex: 78
ChildIndicesCount: 1
80
1.000000 0.000000 -0.000000 0.000000
0.000000 0.959829 0.280587 0.000000
-0.000000 -0.280587 0.959829 -0.000000
0.000000 0.000000 -0.000000 1.000000
1.000000 0.000000 0.000000 0.000000
0.000000 1.000000 0.000000 0.000000
0.000000 0.000000 1.000000 0.000000
0.000000 0.000000 0.000000 1.000000
BoneName: mixamorig:LeftHandThumb3_$AssimpFbx$_Rotation
BoneIndex: 80
BoneParentIndex: 79
ChildIndicesCount: 1
26
1.000000 0.000000 -0.000000 0.000000
0.000000 1.000000 -0.000000 0.000000
-0.000000 -0.000000 1.000000 -0.000000
0.000000 0.000000 -0.000000 1.000000
1.000000 0.000000 0.000000 0.000000
0.000000 1.000000 0.000000 0.000000
0.000000 0.000000 1.000000 0.000000
0.000000 0.000000 0.000000 1.000000
BoneName: mixamorig:LeftHandThumb4
BoneIndex: 81
BoneParentIndex: 26
ChildIndicesCount: 0
1.000000 0.000000 -0.000000 0.000000
0.000000 1.000000 -0.000000 0.000000
-0.000000 -0.000000 1.000000 -0.000000
0.068988 0.284744 -0.000000 1.000000
1.000000 0.000000 0.000000 0.000000
0.000000 1.000000 0.000000 0.000000
0.000000 0.000000 1.000000 0.000000
0.000000 0.000000 0.000000 1.000000
BoneName: mixamorig:LeftHandIndex1_$AssimpFbx$_Translation
BoneIndex: 82
BoneParentIndex: 9
ChildIndicesCount: 1
83
1.000000 0.000000 -0.000000 0.000000
0.000000 1.000000 -0.000000 0.000000
-0.000000 -0.000000 1.000000 -0.000000
-0.353561 1.029047 -0.008335 1.000000
1.000000 0.000000 0.000000 0.000000
0.000000 1.000000 0.000000 0.000000
0.000000 0.000000 1.000000 0.000000
0.000000 0.000000 0.000000 1.000000
BoneName: mixamorig:LeftHandIndex1_$AssimpFbx$_PreRotation
BoneIndex: 83
BoneParentIndex: 82
ChildIndicesCount: 1
84
0.994839 0.101468 0.000000 0.000000
-0.101406 0.994230 0.034982 0.000000
0.003550 -0.034801 0.999388 -0.000000
0.000000 0.000000 -0.000000 1.000000
1.000000 0.000000 0.000000 0.000000
0.000000 1.000000 0.000000 0.000000
0.000000 0.000000 1.000000 0.000000
0.000000 0.000000 0.000000 1.000000
BoneName: mixamorig:LeftHandIndex1_$AssimpFbx$_Rotation
BoneIndex: 84
BoneParentIndex: 83
ChildIndicesCount: 1
27
1.000000 0.000000 -0.000000 0.000000
0.000000 1.000000 -0.000000 0.000000
-0.000000 -0.000000 1.000000 -0.000000
0.000000 0.000000 -0.000000 1.000000
1.000000 0.000000 0.000000 0.000000
0.000000 1.000000 0.000000 0.000000
0.000000 0.000000 1.000000 0.000000
0.000000 0.000000 0.000000 1.000000
BoneName: mixamorig:LeftHandIndex2_$AssimpFbx$_Translation
BoneIndex: 85
BoneParentIndex: 27
ChildIndicesCount: 1
86
1.000000 0.000000 -0.000000 0.000000
0.000000 1.000000 -0.000000 0.000000
-0.000000 -0.000000 1.000000 -0.000000
0.003594 0.333912 0.000000 1.000000
1.000000 0.000000 0.000000 0.000000
0.000000 1.000000 0.000000 0.000000
0.000000 0.000000 1.000000 0.000000
0.000000 0.000000 0.000000 1.000000
BoneName: mixamorig:LeftHandIndex2_$AssimpFbx$_PreRotation
BoneIndex: 86
BoneParentIndex: 85
ChildIndicesCount: 1
87
1.000000 0.000000 -0.000000 0.000000
0.000000 0.980949 -0.194263 0.000000
-0.000000 0.194263 0.980949 -0.000000
0.000000 0.000000 -0.000000 1.000000
1.000000 0.000000 0.000000 0.000000
0.000000 1.000000 0.000000 0.000000
0.000000 0.000000 1.000000 0.000000
0.000000 0.000000 0.000000 1.000000
BoneName: mixamorig:LeftHandIndex2_$AssimpFbx$_Rotation
BoneIndex: 87
BoneParentIndex: 86
ChildIndicesCount: 1
28
1.000000 0.000000 -0.000000 0.000000
0.000000 1.000000 -0.000000 0.000000
-0.000000 -0.000000 1.000000 -0.000000
0.000000 0.000000 -0.000000 1.000000
1.000000 0.000000 0.000000 0.000000
0.000000 1.000000 0.000000 0.000000
0.000000 0.000000 1.000000 0.000000
0.000000 0.000000 0.000000 1.000000
BoneName: mixamorig:LeftHandIndex3_$AssimpFbx$_Translation
BoneIndex: 88
BoneParentIndex: 28
ChildIndicesCount: 1
89
1.000000 0.000000 -0.000000 0.000000
0.000000 1.000000 -0.000000 0.000000
-0.000000 -0.000000 1.000000 -0.000000
-0.001705 0.331277 0.000000 1.000000
1.000000 0.000000 0.000000 0.000000
0.000000 1.000000 0.000000 0.000000
0.000000 0.000000 1.000000 0.000000
0.000000 0.000000 0.000000 1.000000
BoneName: mixamorig:LeftHandIndex3_$AssimpFbx$_PreRotation
BoneIndex: 89
BoneParentIndex: 88
ChildIndicesCount: 1
90
1.000000 0.000000 -0.000000 0.000000
0.000000 0.999742 -0.022728 0.000000
-0.000000 0.022728 0.999742 -0.000000
0.000000 0.000000 -0.000000 1.000000
1.000000 0.000000 0.000000 0.000000
0.000000 1.000000 0.000000 0.000000
0.000000 0.000000 1.000000 0.000000
0.000000 0.000000 0.000000 1.000000
BoneName: mixamorig:LeftHandIndex3_$AssimpFbx$_Rotation
BoneIndex: 90
BoneParentIndex: 89
ChildIndicesCount: 1
29
1.000000 0.000000 -0.000000 0.000000
0.000000 1.000000 -0.000000 0.000000
-0.000000 -0.000000 1.000000 -0.000000
0.000000 0.000000 -0.000000 1.000000
1.000000 0.000000 0.000000 0.000000
0.000000 1.000000 0.000000 0.000000
0.000000 0.000000 1.000000 0.000000
0.000000 0.000000 0.000000 1.000000
BoneName: mixamorig:LeftHandIndex4
BoneIndex: 91
BoneParentIndex: 29
ChildIndicesCount: 0
1.000000 0.000000 -0.000000 0.000000
0.000000 1.000000 -0.000000 0.000000
-0.000000 -0.000000 1.000000 -0.000000
-0.001888 0.269340 -0.000000 1.000000
1.000000 0.000000 0.000000 0.000000
0.000000 1.000000 0.000000 0.000000
0.000000 0.000000 1.000000 0.000000
0.000000 0.000000 0.000000 1.000000
BoneName: mixamorig:LeftHandMiddle1_$AssimpFbx$_Translation
BoneIndex: 92
BoneParentIndex: 9
ChildIndicesCount: 1
93
1.000000 0.000000 -0.000000 0.000000
0.000000 1.000000 -0.000000 0.000000
-0.000000 -0.000000 1.000000 -0.000000
-0.102400 1.106564 0.007201 1.000000
1.000000 0.000000 0.000000 0.000000
0.000000 1.000000 0.000000 0.000000
0.000000 0.000000 1.000000 0.000000
0.000000 0.000000 0.000000 1.000000
BoneName: mixamorig:LeftHandMiddle1_$AssimpFbx$_PreRotation
BoneIndex: 93
BoneParentIndex: 92
ChildIndicesCount: 1
94
0.999890 -0.014823 0.000000 0.000000
0.014823 0.999867 -0.006803 0.000000
0.000101 0.006803 0.999977 -0.000000
0.000000 0.000000 -0.000000 1.000000
1.000000 0.000000 0.000000 0.000000
0.000000 1.000000 0.000000 0.000000
0.000000 0.000000 1.000000 0.000000
0.000000 0.000000 0.000000 1.000000
BoneName: mixamorig:LeftHandMiddle1_$AssimpFbx$_Rotation
BoneIndex: 94
BoneParentIndex: 93
ChildIndicesCount: 1
30
1.000000 0.000000 -0.000000 0.000000
0.000000 1.000000 -0.000000 0.000000
-0.000000 -0.000000 1.000000 -0.000000
0.000000 0.000000 -0.000000 1.000000
1.000000 0.000000 0.000000 0.000000
0.000000 1.000000 0.000000 0.000000
0.000000 0.000000 1.000000 0.000000
0.000000 0.000000 0.000000 1.000000
BoneName: mixamorig:LeftHandMiddle2_$AssimpFbx$_Translation
BoneIndex: 95
BoneParentIndex: 30
ChildIndicesCount: 1
96
1.000000 0.000000 -0.000000 0.000000
0.000000 1.000000 -0.000000 0.000000
-0.000000 -0.000000 1.000000 -0.000000
0.002278 0.348652 -0.000000 1.000000
1.000000 0.000000 0.000000 0.000000
0.000000 1.000000 0.000000 0.000000
0.000000 0.000000 1.000000 0.000000
0.000000 0.000000 0.000000 1.000000
BoneName: mixamorig:LeftHandMiddle2_$AssimpFbx$_PreRotation
BoneIndex: 96
BoneParentIndex: 95
ChildIndicesCount: 1
97
1.000000 0.000000 -0.000000 0.000000
0.000000 0.989582 -0.143968 0.000000
-0.000000 0.143968 0.989582 -0.000000
0.000000 0.000000 -0.000000 1.000000
1.000000 0.000000 0.000000 0.000000
0.000000 1.000000 0.000000 0.000000
0.000000 0.000000 1.000000 0.000000
0.000000 0.000000 0.000000 1.000000
BoneName: mixamorig:LeftHandMiddle2_$AssimpFbx$_Rotation
BoneIndex: 97
BoneParentIndex: 96
ChildIndicesCount: 1
31
1.000000 0.000000 -0.000000 0.000000
0.000000 1.000000 -0.000000 0.000000
-0.000000 -0.000000 1.000000 -0.000000
0.000000 0.000000 -0.000000 1.000000
1.000000 0.000000 0.000000 0.000000
0.000000 1.000000 0.000000 0.000000
0.000000 0.000000 1.000000 0.000000
0.000000 0.000000 0.000000 1.000000
BoneName: mixamorig:LeftHandMiddle3_$AssimpFbx$_Translation
BoneIndex: 98
BoneParentIndex: 31
ChildIndicesCount: 1
99
1.000000 0.000000 -0.000000 0.000000
0.000000 1.000000 -0.000000 0.000000
-0.000000 -0.000000 1.000000 -0.000000
-0.001143 0.333378 -0.000000 1.000000
1.000000 0.000000 0.000000 0.000000
0.000000 1.000000 0.000000 0.000000
0.000000 0.000000 1.000000 0.000000
0.000000 0.000000 0.000000 1.000000
BoneName: mixamorig:LeftHandMiddle3_$AssimpFbx$_PreRotation
BoneIndex: 99
BoneParentIndex: 98
ChildIndicesCount: 1
100
1.000000 0.000000 -0.000000 0.000000
0.000000 0.999955 -0.009504 0.000000
-0.000000 0.009504 0.999955 -0.000000
0.000000 0.000000 -0.000000 1.000000
1.000000 0.000000 0.000000 0.000000
0.000000 1.000000 0.000000 0.000000
0.000000 0.000000 1.000000 0.000000
0.000000 0.000000 0.000000 1.000000
