BonesCount: 215
BoneName: mixamorig12:Spine2
BoneIndex: 0
BoneParentIndex: 49
ChildIndicesCount: 3
59
62
124
1.000000 0.000000 -0.000000 0.000000
0.000000 1.000000 -0.000000 0.000000
-0.000000 -0.000000 1.000000 -0.000000
0.000000 1.348394 0.000000 1.000000
1.000000 0.000000 -0.000000 0.000000
0.000000 0.994011 -0.109279 0.000000
-0.000000 0.109279 0.994011 -0.000000
0.000000 -13.367350 1.348349 1.000000
BoneName: mixamorig12:Neck
BoneIndex: 1
BoneParentIndex: 61
ChildIndicesCount: 1
2
1.000000 0.000000 -0.000000 0.000000
0.000000 1.000000 -0.000000 0.000000
-0.000000 -0.000000 1.000000 -0.000000
0.000000 0.000000 -0.000000 1.000000
1.000000 0.000000 -0.000000 0.000000
0.000000 1.000000 -0.000000 0.000000
-0.000000 0.000000 1.000000 -0.000000
0.000000 -14.942499 -0.286260 1.000000
BoneName: mixamorig12:Head
BoneIndex: 2
BoneParentIndex: 1
ChildIndicesCount: 1
52
1.000000 0.000000 -0.000000 0.000000
0.000000 1.000000 -0.000000 0.000000
-0.000000 -0.000000 1.000000 -0.000000
0.000000 0.738393 -0.284986 1.000000
1.000000 0.000000 -0.000000 0.000000
0.000000 1.000000 -0.000000 0.000000
-0.000000 0.000000 1.000000 -0.000000
0.000000 -15.680892 -0.001274 1.000000
BoneName: mixamorig12:LeftShoulder
BoneIndex: 3
BoneParentIndex: 64
ChildIndicesCount: 1
65
1.000000 0.000000 -0.000000 0.000000
0.000000 1.000000 -0.000000 0.000000
-0.000000 -0.000000 1.000000 -0.000000
0.000000 0.000000 -0.000000 1.000000
-0.036563 0.955097 0.294030 0.000000
-0.109064 -0.296283 0.948853 0.000000
0.993362 0.002625 0.114999 -0.000000
1.345541 3.688591 -14.212924 1.000000
BoneName: mixamorig12:LeftArm
BoneIndex: 4
BoneParentIndex: 67
ChildIndicesCount: 1
68
1.000000 0.000000 -0.000000 0.000000
0.000000 1.000000 -0.000000 0.000000
-0.000000 -0.000000 1.000000 -0.000000
0.000000 0.000000 -0.000000 1.000000
-0.060748 0.996567 0.056251 0.000000
-0.101523 -0.062231 0.992885 0.000000
0.992977 0.054605 0.104955 -0.000000
1.288836 -1.226059 -14.338321 1.000000
BoneName: mixamorig12:LeftForeArm
BoneIndex: 5
BoneParentIndex: 70
ChildIndicesCount: 1
71
1.000000 0.000000 -0.000000 0.000000
0.000000 1.000000 -0.000000 0.000000
-0.000000 -0.000000 1.000000 -0.000000
0.000000 0.000000 -0.000000 1.000000
0.049654 0.998162 -0.034728 0.000000
-0.107773 0.039923 0.993374 0.000000
0.992935 -0.045582 0.109557 -0.000000
0.866092 -5.165580 -13.926025 1.000000
BoneName: mixamorig12:LeftHand
BoneIndex: 6
BoneParentIndex: 73
ChildIndicesCount: 5
74
84
94
104
114
1.000000 0.000000 -0.000000 0.000000
0.000000 1.000000 -0.000000 0.000000
-0.000000 -0.000000 1.000000 -0.000000
0.000000 0.000000 -0.000000 1.000000
0.079808 0.993637 0.079468 0.000000
0.089570 -0.086548 0.992213 0.000000
0.992778 -0.072069 -0.095907 -0.000000
-2.150543 -5.643054 -14.635536 1.000000
BoneName: mixamorig12:LeftHandThumb1
BoneIndex: 7
BoneParentIndex: 76
ChildIndicesCount: 1
77
1.000000 0.000000 -0.000000 0.000000
0.000000 1.000000 -0.000000 0.000000
-0.000000 -0.000000 1.000000 -0.000000
0.000000 0.000000 -0.000000 1.000000
0.592947 0.732710 0.333990 0.000000
0.030289 -0.434772 0.900031 0.000000
0.804672 -0.523554 -0.279990 -0.000000
-4.721919 0.811922 -15.031264 1.000000
BoneName: mixamorig12:LeftHandThumb2
BoneIndex: 8
BoneParentIndex: 79
ChildIndicesCount: 1
80
1.000000 0.000000 -0.000000 0.000000
0.000000 1.000000 -0.000000 0.000000
-0.000000 -0.000000 1.000000 -0.000000
0.000000 0.000000 -0.000000 1.000000
0.592947 0.707519 0.384488 0.000000
0.030289 -0.496741 0.867370 0.000000
0.804672 -0.502659 -0.315971 -0.000000
-4.652826 1.498244 -14.963076 1.000000
BoneName: mixamorig12:LeftHandThumb3
BoneIndex: 9
BoneParentIndex: 82
ChildIndicesCount: 1
83
1.000000 0.000000 -0.000000 0.000000
0.000000 1.000000 -0.000000 0.000000
-0.000000 -0.000000 1.000000 -0.000000
0.000000 0.000000 -0.000000 1.000000
0.592947 0.736804 0.324861 0.000000
0.030289 -0.423555 0.905364 0.000000
0.804672 -0.526993 -0.273463 -0.000000
-4.663666 -0.068378 -15.008510 1.000000
BoneName: mixamorig12:LeftHandIndex1
BoneIndex: 10
BoneParentIndex: 86
ChildIndicesCount: 1
87
1.000000 0.000000 -0.000000 0.000000
0.000000 1.000000 -0.000000 0.000000
-0.000000 -0.000000 1.000000 -0.000000
0.000000 0.000000 -0.000000 1.000000
0.211758 0.973958 0.081020 0.000000
0.077212 -0.099313 0.992056 0.000000
0.974267 -0.203820 -0.096232 -0.000000
-2.669439 -6.306459 -14.624002 1.000000
BoneName: mixamorig12:LeftHandIndex2
BoneIndex: 11
BoneParentIndex: 89
ChildIndicesCount: 1
90
1.000000 0.000000 -0.000000 0.000000
0.000000 1.000000 -0.000000 0.000000
-0.000000 -0.000000 1.000000 -0.000000
0.000000 0.000000 -0.000000 1.000000
0.211758 0.947209 0.240735 0.000000
0.077212 -0.261766 0.962038 0.000000
0.974267 -0.185132 -0.128567 -0.000000
-2.671077 -4.131035 -15.519197 1.000000
BoneName: mixamorig12:LeftHandIndex3
BoneIndex: 12
BoneParentIndex: 92
ChildIndicesCount: 1
93
1.000000 0.000000 -0.000000 0.000000
0.000000 1.000000 -0.000000 0.000000
-0.000000 -0.000000 1.000000 -0.000000
0.000000 0.000000 -0.000000 1.000000
0.211758 0.961731 0.173874 0.000000
0.077212 -0.193815 0.977995 0.000000
0.974267 -0.193673 -0.115300 -0.000000
-2.669614 -5.516941 -15.170380 1.000000
BoneName: mixamorig12:LeftHandMiddle1
BoneIndex: 13
BoneParentIndex: 96
ChildIndicesCount: 1
97
1.000000 0.000000 -0.000000 0.000000
0.000000 1.000000 -0.000000 0.000000
-0.000000 -0.000000 1.000000 -0.000000
0.000000 0.000000 -0.000000 1.000000
0.088948 0.986056 0.140645 0.000000
0.088770 -0.148491 0.984921 0.000000
0.992073 -0.075122 -0.100740 -0.000000
-2.107491 -5.723179 -15.051864 1.000000
BoneName: mixamorig12:LeftHandMiddle2
BoneIndex: 14
BoneParentIndex: 99
ChildIndicesCount: 1
100
1.000000 0.000000 -0.000000 0.000000
0.000000 1.000000 -0.000000 0.000000
-0.000000 -0.000000 1.000000 -0.000000
0.000000 0.000000 -0.000000 1.000000
0.088948 0.958809 0.269767 0.000000
0.088770 -0.277393 0.956647 0.000000
0.992073 -0.061145 -0.109787 -0.000000
-2.108248 -4.029750 -15.722585 1.000000
BoneName: mixamorig12:LeftHandMiddle3
BoneIndex: 15
BoneParentIndex: 102
ChildIndicesCount: 1
103
1.000000 0.000000 -0.000000 0.000000
0.000000 1.000000 -0.000000 0.000000
-0.000000 -0.000000 1.000000 -0.000000
0.000000 0.000000 -0.000000 1.000000
0.088948 0.982535 0.163442 0.000000
0.088770 -0.171259 0.981219 0.000000
0.992073 -0.072769 -0.102452 -0.000000
-2.107142 -6.047055 -15.152823 1.000000
BoneName: mixamorig12:LeftHandRing1
BoneIndex: 16
BoneParentIndex: 106
ChildIndicesCount: 1
107
1.000000 0.000000 -0.000000 0.000000
0.000000 1.000000 -0.000000 0.000000
-0.000000 -0.000000 1.000000 -0.000000
0.000000 0.000000 -0.000000 1.000000
-0.010786 0.976618 0.214711 0.000000
0.097062 -0.212687 0.972288 0.000000
0.995220 0.031327 -0.092498 -0.000000
-1.646264 -4.748006 -15.449717 1.000000
BoneName: mixamorig12:LeftHandRing2
BoneIndex: 17
BoneParentIndex: 109
ChildIndicesCount: 1
110
1.000000 0.000000 -0.000000 0.000000
0.000000 1.000000 -0.000000 0.000000
-0.000000 -0.000000 1.000000 -0.000000
0.000000 0.000000 -0.000000 1.000000
-0.010786 0.962170 0.272236 0.000000
0.097062 -0.269959 0.957967 0.000000
0.995220 0.036756 -0.090478 -0.000000
-1.646153 -4.124351 -15.721901 1.000000
BoneName: mixamorig12:LeftHandRing3
BoneIndex: 18
BoneParentIndex: 112
ChildIndicesCount: 1
113
1.000000 0.000000 -0.000000 0.000000
0.000000 1.000000 -0.000000 0.000000
-0.000000 -0.000000 1.000000 -0.000000
0.000000 0.000000 -0.000000 1.000000
-0.010786 0.994721 0.102045 0.000000
0.097062 -0.100527 0.990188 0.000000
0.995220 0.020584 -0.095465 -0.000000
-1.645561 -7.062122 -14.723798 1.000000
BoneName: mixamorig12:LeftHandPinky1
BoneIndex: 19
BoneParentIndex: 116
ChildIndicesCount: 1
117
1.000000 0.000000 -0.000000 0.000000
0.000000 1.000000 -0.000000 0.000000
-0.000000 -0.000000 1.000000 -0.000000
0.000000 0.000000 -0.000000 1.000000
0.027647 0.982449 0.184473 0.000000
0.093981 -0.186281 0.977991 0.000000
0.995190 -0.009701 -0.097481 -0.000000
-2.149469 -5.109134 -15.257764 1.000000
BoneName: mixamorig12:LeftHandPinky2
BoneIndex: 20
BoneParentIndex: 119
ChildIndicesCount: 1
120
1.000000 0.000000 -0.000000 0.000000
0.000000 1.000000 -0.000000 0.000000
-0.000000 -0.000000 1.000000 -0.000000
0.000000 0.000000 -0.000000 1.000000
0.027647 0.937409 0.347131 0.000000
0.093981 -0.348163 0.932711 0.000000
0.995190 0.006837 -0.097724 -0.000000
-2.149973 -2.738495 -15.945777 1.000000
BoneName: mixamorig12:LeftHandPinky3
BoneIndex: 21
BoneParentIndex: 122
ChildIndicesCount: 1
123
1.000000 0.000000 -0.000000 0.000000
0.000000 1.000000 -0.000000 0.000000
-0.000000 -0.000000 1.000000 -0.000000
0.000000 0.000000 -0.000000 1.000000
0.027647 0.984055 0.175702 0.000000
0.093981 -0.177550 0.979614 0.000000
0.995190 -0.010571 -0.097391 -0.000000
-2.149119 -5.728140 -15.171361 1.000000
BoneName: mixamorig12:RightShoulder
BoneIndex: 22
BoneParentIndex: 126
ChildIndicesCount: 1
127
1.000000 0.000000 -0.000000 0.000000
0.000000 1.000000 -0.000000 0.000000
-0.000000 -0.000000 1.000000 -0.000000
0.000000 0.000000 -0.000000 1.000000
-0.031114 -0.955097 -0.294656 0.000000
0.109100 -0.296283 0.948849 0.000000
-0.993544 -0.002625 0.113420 -0.000000
-1.346008 3.690096 -14.212413 1.000000
BoneName: mixamorig12:RightArm
BoneIndex: 23
BoneParentIndex: 129
ChildIndicesCount: 1
130
1.000000 0.000000 -0.000000 0.000000
0.000000 1.000000 -0.000000 0.000000
-0.000000 -0.000000 1.000000 -0.000000
0.000000 0.000000 -0.000000 1.000000
-0.066579 -0.996218 -0.055826 0.000000
0.098016 -0.062210 0.993239 0.000000
-0.992955 0.060657 0.101787 -0.000000
-1.262490 -1.226700 -14.340380 1.000000
BoneName: mixamorig12:RightForeArm
BoneIndex: 24
BoneParentIndex: 132
ChildIndicesCount: 1
133
1.000000 0.000000 -0.000000 0.000000
0.000000 1.000000 -0.000000 0.000000
-0.000000 -0.000000 1.000000 -0.000000
0.000000 0.000000 -0.000000 1.000000
0.053517 -0.997973 0.034444 0.000000
0.104777 0.039915 0.993694 0.000000
-0.993055 -0.049571 0.106700 -0.000000
-0.802010 -5.162687 -13.931055 1.000000
BoneName: mixamorig12:RightHand
BoneIndex: 25
BoneParentIndex: 135
ChildIndicesCount: 5
136
146
156
166
176
1.000000 0.000000 -0.000000 0.000000
0.000000 1.000000 -0.000000 0.000000
-0.000000 -0.000000 1.000000 -0.000000
0.000000 0.000000 -0.000000 1.000000
0.077867 -0.993578 -0.082090 0.000000
-0.103483 -0.089950 0.990556 0.000000
-0.991579 -0.068637 -0.109822 -0.000000
2.329203 -5.595734 -14.626239 1.000000
BoneName: mixamorig12:RightHandThumb1
BoneIndex: 26
BoneParentIndex: 138
ChildIndicesCount: 1
139
1.000000 0.000000 -0.000000 0.000000
0.000000 1.000000 -0.000000 0.000000
-0.000000 -0.000000 1.000000 -0.000000
0.000000 0.000000 -0.000000 1.000000
0.601014 -0.732682 -0.319310 0.000000
-0.038700 -0.425728 0.904023 0.000000
-0.798301 -0.530974 -0.284223 -0.000000
4.899431 0.689407 -14.986320 1.000000
BoneName: mixamorig12:RightHandThumb2
BoneIndex: 27
BoneParentIndex: 141
ChildIndicesCount: 1
142
1.000000 0.000000 -0.000000 0.000000
0.000000 1.000000 -0.000000 0.000000
-0.000000 -0.000000 1.000000 -0.000000
0.000000 0.000000 -0.000000 1.000000
0.601014 -0.697090 -0.390957 0.000000
-0.038700 -0.513971 0.856934 0.000000
-0.798301 -0.499900 -0.335881 -0.000000
4.836964 1.825743 -14.878336 1.000000
BoneName: mixamorig12:RightHandThumb3
BoneIndex: 28
BoneParentIndex: 144
ChildIndicesCount: 1
145
1.000000 0.000000 -0.000000 0.000000
0.000000 1.000000 -0.000000 0.000000
-0.000000 -0.000000 1.000000 -0.000000
0.000000 0.000000 -0.000000 1.000000
0.601014 -0.726887 -0.332291 0.000000
-0.038700 -0.441739 0.896309 0.000000
-0.798301 -0.525835 -0.293622 -0.000000
4.843346 0.260654 -14.950444 1.000000
BoneName: mixamorig12:RightHandIndex1
BoneIndex: 29
BoneParentIndex: 148
ChildIndicesCount: 1
149
1.000000 0.000000 -0.000000 0.000000
0.000000 1.000000 -0.000000 0.000000
-0.000000 -0.000000 1.000000 -0.000000
0.000000 0.000000 -0.000000 1.000000
0.153538 -0.985484 -0.072439 0.000000
-0.096309 -0.087884 0.991464 0.000000
-0.983438 -0.145251 -0.108405 -0.000000
2.462801 -6.564758 -14.543250 1.000000
BoneName: mixamorig12:RightHandIndex2
BoneIndex: 30
BoneParentIndex: 151
ChildIndicesCount: 1
152
1.000000 0.000000 -0.000000 0.000000
0.000000 1.000000 -0.000000 0.000000
-0.000000 -0.000000 1.000000 -0.000000
0.000000 0.000000 -0.000000 1.000000
0.153538 -0.959513 -0.236138 0.000000
-0.096309 -0.252365 0.962827 0.000000
-0.983438 -0.125089 -0.131157 -0.000000
2.465108 -4.364776 -15.490712 1.000000
BoneName: mixamorig12:RightHandIndex3
BoneIndex: 31
BoneParentIndex: 154
ChildIndicesCount: 1
155
1.000000 0.000000 -0.000000 0.000000
0.000000 1.000000 -0.000000 0.000000
-0.000000 -0.000000 1.000000 -0.000000
0.000000 0.000000 -0.000000 1.000000
0.153538 -0.961332 -0.228617 0.000000
-0.096309 -0.244818 0.964774 0.000000
-0.983438 -0.126112 -0.130174 -0.000000
2.463763 -4.791088 -15.453667 1.000000
BoneName: mixamorig12:RightHandMiddle1
BoneIndex: 32
BoneParentIndex: 158
ChildIndicesCount: 1
159
1.000000 0.000000 -0.000000 0.000000
0.000000 1.000000 -0.000000 0.000000
-0.000000 -0.000000 1.000000 -0.000000
0.000000 0.000000 -0.000000 1.000000
0.070801 -0.992951 -0.095052 0.000000
-0.104120 -0.102127 0.989307 0.000000
-0.992041 -0.060148 -0.110616 -0.000000
2.178420 -6.418617 -14.735954 1.000000
BoneName: mixamorig12:RightHandMiddle2
BoneIndex: 33
BoneParentIndex: 161
ChildIndicesCount: 1
162
1.000000 0.000000 -0.000000 0.000000
0.000000 1.000000 -0.000000 0.000000
-0.000000 -0.000000 1.000000 -0.000000
0.000000 0.000000 -0.000000 1.000000
0.070801 -0.960289 -0.269873 0.000000
-0.104120 -0.276189 0.955447 0.000000
-0.992041 -0.039548 -0.119539 -0.000000
2.179774 -4.037797 -15.702583 1.000000
BoneName: mixamorig12:RightHandMiddle3
BoneIndex: 34
BoneParentIndex: 164
ChildIndicesCount: 1
165
1.000000 0.000000 -0.000000 0.000000
0.000000 1.000000 -0.000000 0.000000
-0.000000 -0.000000 1.000000 -0.000000
0.000000 0.000000 -0.000000 1.000000
0.070801 -0.989376 -0.126970 0.000000
-0.104120 -0.133925 0.985507 0.000000
-0.992041 -0.056555 -0.112495 -0.000000
2.177698 -6.628057 -14.895345 1.000000
BoneName: mixamorig12:RightHandRing1
BoneIndex: 35
BoneParentIndex: 168
ChildIndicesCount: 1
169
1.000000 0.000000 -0.000000 0.000000
0.000000 1.000000 -0.000000 0.000000
-0.000000 -0.000000 1.000000 -0.000000
0.000000 0.000000 -0.000000 1.000000
0.023885 -0.982478 -0.184841 0.000000
-0.108207 -0.186348 0.976507 0.000000
-0.993841 -0.003323 -0.110762 -0.000000
2.087070 -5.195691 -15.264302 1.000000
BoneName: mixamorig12:RightHandRing2
BoneIndex: 36
BoneParentIndex: 171
ChildIndicesCount: 1
172
1.000000 0.000000 -0.000000 0.000000
0.000000 1.000000 -0.000000 0.000000
-0.000000 -0.000000 1.000000 -0.000000
0.000000 0.000000 -0.000000 1.000000
0.023885 -0.952392 -0.303939 0.000000
-0.108207 -0.304703 0.946281 0.000000
-0.993841 0.010286 -0.110334 -0.000000
2.087278 -3.566808 -15.821177 1.000000
BoneName: mixamorig12:RightHandRing3
BoneIndex: 37
BoneParentIndex: 174
ChildIndicesCount: 1
175
1.000000 0.000000 -0.000000 0.000000
0.000000 1.000000 -0.000000 0.000000
-0.000000 -0.000000 1.000000 -0.000000
0.000000 0.000000 -0.000000 1.000000
0.023885 -0.995803 -0.088348 0.000000
-0.108207 -0.090429 0.990007 0.000000
-0.993841 -0.014086 -0.109913 -0.000000
2.085787 -7.214094 -14.597026 1.000000
BoneName: mixamorig12:RightHandPinky1
BoneIndex: 38
BoneParentIndex: 178
ChildIndicesCount: 1
179
1.000000 0.000000 -0.000000 0.000000
0.000000 1.000000 -0.000000 0.000000
-0.000000 -0.000000 1.000000 -0.000000
0.000000 0.000000 -0.000000 1.000000
0.016899 -0.986887 -0.160526 0.000000
-0.108795 -0.161411 0.980872 0.000000
-0.993921 0.000888 -0.110096 -0.000000
2.272547 -5.493754 -15.101479 1.000000
BoneName: mixamorig12:RightHandPinky2
BoneIndex: 39
BoneParentIndex: 181
ChildIndicesCount: 1
182
1.000000 0.000000 -0.000000 0.000000
0.000000 1.000000 -0.000000 0.000000
-0.000000 -0.000000 1.000000 -0.000000
0.000000 0.000000 -0.000000 1.000000
0.016899 -0.929927 -0.367356 0.000000
-0.108795 -0.366937 0.923862 0.000000
-0.993921 0.024354 -0.107372 -0.000000
2.273821 -2.413965 -15.984360 1.000000
BoneName: mixamorig12:RightHandPinky3
BoneIndex: 40
BoneParentIndex: 184
ChildIndicesCount: 1
185
1.000000 0.000000 -0.000000 0.000000
0.000000 1.000000 -0.000000 0.000000
-0.000000 -0.000000 1.000000 -0.000000
0.000000 0.000000 -0.000000 1.000000
0.016899 -0.969076 -0.246184 0.000000
-0.108795 -0.246540 0.963007 0.000000
-0.993921 0.010510 -0.109597 -0.000000
2.272480 -4.651893 -15.518970 1.000000
BoneName: mixamorig12:LeftLeg
BoneIndex: 41
BoneParentIndex: 191
ChildIndicesCount: 1
192
1.000000 0.000000 -0.000000 0.000000
0.000000 1.000000 -0.000000 0.000000
-0.000000 -0.000000 1.000000 -0.000000
0.000000 0.000000 -0.000000 1.000000
-0.998211 0.059790 -0.000366 0.000000
-0.059632 -0.995089 0.079011 0.000000
0.004360 0.078891 0.996874 -0.000000
1.537107 4.986486 -0.478223 1.000000
BoneName: mixamorig12:LeftFoot
BoneIndex: 42
BoneParentIndex: 194
ChildIndicesCount: 1
195
1.000000 0.000000 -0.000000 0.000000
0.000000 1.000000 -0.000000 0.000000
-0.000000 -0.000000 1.000000 -0.000000
0.000000 0.000000 -0.000000 1.000000
-0.992585 0.121522 0.002827 0.000000
-0.067646 -0.532912 -0.843463 0.000000
-0.100993 -0.837399 0.537181 -0.000000
1.579031 0.770311 0.776622 1.000000
BoneName: mixamorig12:LeftToeBase
BoneIndex: 43
BoneParentIndex: 197
ChildIndicesCount: 1
53
1.000000 0.000000 -0.000000 0.000000
0.000000 1.000000 -0.000000 0.000000
-0.000000 -0.000000 1.000000 -0.000000
0.000000 0.000000 -0.000000 1.000000
-0.979067 0.192416 -0.066360 0.000000
0.074424 0.034981 -0.996613 0.000000
-0.189443 -0.980690 -0.048569 -0.000000
1.426841 -1.514592 0.213155 1.000000
BoneName: mixamorig12:RightLeg
BoneIndex: 44
BoneParentIndex: 203
ChildIndicesCount: 1
204
1.000000 0.000000 -0.000000 0.000000
0.000000 1.000000 -0.000000 0.000000
-0.000000 -0.000000 1.000000 -0.000000
0.000000 0.000000 -0.000000 1.000000
-0.998219 -0.059594 0.002726 0.000000
0.059520 -0.991815 0.112957 0.000000
-0.004027 0.112918 0.993596 -0.000000
-1.536648 4.969568 -0.629295 1.000000
BoneName: mixamorig12:RightFoot
BoneIndex: 45
BoneParentIndex: 206
ChildIndicesCount: 1
207
1.000000 0.000000 -0.000000 0.000000
0.000000 1.000000 -0.000000 0.000000
-0.000000 -0.000000 1.000000 -0.000000
0.000000 0.000000 -0.000000 1.000000
-0.993329 -0.114444 -0.014151 0.000000
0.070108 -0.501919 -0.862069 0.000000
0.091557 -0.857310 0.506594 -0.000000
-1.590050 0.852219 0.734497 1.000000
BoneName: mixamorig12:RightToeBase
BoneIndex: 46
BoneParentIndex: 209
ChildIndicesCount: 1
54
1.000000 0.000000 -0.000000 0.000000
0.000000 1.000000 -0.000000 0.000000
-0.000000 -0.000000 1.000000 -0.000000
0.000000 0.000000 -0.000000 1.000000
-0.976400 -0.194666 0.093533 0.000000
-0.102274 0.035322 -0.994129 0.000000
0.190219 -0.980233 -0.054397 -0.000000
-1.412773 -1.539434 0.250722 1.000000
BoneName: mixamorig12:Hips
BoneIndex: 47
BoneParentIndex: 55
ChildIndicesCount: 3
56
186
198
1.000000 0.000000 -0.000000 0.000000
0.000000 1.000000 -0.000000 0.000000
-0.000000 -0.000000 1.000000 -0.000000
0.000000 9.916306 -0.266304 1.000000
1.000000 0.000000 -0.000000 0.000000
0.000000 1.000000 -0.000000 0.000000
-0.000000 -0.000000 1.000000 -0.000000
0.000000 -9.916306 0.266304 1.000000
BoneName: mixamorig12:Spine
BoneIndex: 48
BoneParentIndex: 58
ChildIndicesCount: 1
49
1.000000 0.000000 -0.000000 0.000000
0.000000 1.000000 -0.000000 0.000000
-0.000000 -0.000000 1.000000 -0.000000
0.000000 0.000000 -0.000000 1.000000
1.000000 0.000000 -0.000000 0.000000
0.000000 0.994011 -0.109278 0.000000
-0.000000 0.109278 0.994011 -0.000000
0.000000 -10.839111 1.348348 1.000000
BoneName: mixamorig12:Spine1
BoneIndex: 49
BoneParentIndex: 48
ChildIndicesCount: 1
0
1.000000 0.000000 -0.000000 0.000000
0.000000 1.000000 -0.000000 0.000000
-0.000000 -0.000000 1.000000 -0.000000
0.000000 1.179844 -0.000000 1.000000
1.000000 0.000000 -0.000000 0.000000
0.000000 0.994011 -0.109279 0.000000
-0.000000 0.109279 0.994011 -0.000000
0.000000 -12.018956 1.348349 1.000000
BoneName: mixamorig12:LeftUpLeg
BoneIndex: 50
BoneParentIndex: 188
ChildIndicesCount: 1
189
1.000000 0.000000 -0.000000 0.000000
0.000000 1.000000 -0.000000 0.000000
-0.000000 -0.000000 1.000000 -0.000000
0.000000 0.000000 -0.000000 1.000000
-0.998235 0.059385 -0.000000 0.000000
-0.059227 -0.995578 0.072919 0.000000
0.004330 0.072790 0.997338 -0.000000
1.535075 9.274513 -0.447694 1.000000
BoneName: mixamorig12:RightUpLeg
BoneIndex: 51
BoneParentIndex: 200
ChildIndicesCount: 1
201
1.000000 0.000000 -0.000000 0.000000
0.000000 1.000000 -0.000000 0.000000
-0.000000 -0.000000 1.000000 -0.000000
0.000000 0.000000 -0.000000 1.000000
-0.998234 -0.059407 -0.000000 0.000000
0.059272 -0.995957 0.067510 0.000000
-0.004011 0.067390 0.997719 -0.000000
-1.535403 9.276460 -0.401511 1.000000
BoneName: mixamorig12:HeadTop_End
BoneIndex: 52
BoneParentIndex: 2
ChildIndicesCount: 0
1.000000 0.000000 -0.000000 0.000000
0.000000 1.000000 -0.000000 0.000000
-0.000000 -0.000000 1.000000 -0.000000
0.000000 1.823857 -0.703926 1.000000
1.000000 0.000000 -0.000000 0.000000
0.000000 1.000000 -0.000000 0.000000
-0.000000 0.000000 1.000000 -0.000000
0.000000 -17.504749 0.702652 1.000000
BoneName: mixamorig12:LeftToe_End
BoneIndex: 53
BoneParentIndex: 43
ChildIndicesCount: 0
1.000000 0.000000 -0.000000 0.000000
0.000000 1.000000 -0.000000 0.000000
-0.000000 -0.000000 1.000000 -0.000000
-0.000000 0.784396 0.000000 1.000000
-0.979067 0.192416 -0.066360 0.000000
0.074424 0.034981 -0.996613 0.000000
-0.189443 -0.980690 -0.048569 -0.000000
1.426841 -2.298988 0.213155 1.000000
BoneName: mixamorig12:RightToe_End
BoneIndex: 54
BoneParentIndex: 46
ChildIndicesCount: 0
1.000000 0.000000 -0.000000 0.000000
0.000000 1.000000 -0.000000 0.000000
-0.000000 -0.000000 1.000000 -0.000000
-0.000000 0.775346 0.000000 1.000000
-0.976400 -0.194666 0.093533 0.000000
-0.102274 0.035322 -0.994129 0.000000
0.190219 -0.980233 -0.054397 -0.000000
-1.412773 -2.314780 0.250722 1.000000
BoneName: RootNode
BoneIndex: 55
BoneParentIndex: -1
ChildIndicesCount: 6
47
210
211
212
213
214
1.000000 0.000000 -0.000000 0.000000
0.000000 1.000000 -0.000000 0.000000
-0.000000 -0.000000 1.000000 -0.000000
0.000000 0.000000 -0.000000 1.000000
1.000000 0.000000 0.000000 0.000000
0.000000 1.000000 0.000000 0.000000
0.000000 0.000000 1.000000 0.000000
0.000000 0.000000 0.000000 1.000000
BoneName: mixamorig12:Spine_$AssimpFbx$_Translation
BoneIndex: 56
BoneParentIndex: 47
ChildIndicesCount: 1
57
1.000000 0.000000 -0.000000 0.000000
0.000000 1.000000 -0.000000 0.000000
-0.000000 -0.000000 1.000000 -0.000000
0.000000 1.005238 0.110513 1.000000
1.000000 0.000000 0.000000 0.000000
0.000000 1.000000 0.000000 0.000000
0.000000 0.000000 1.000000 0.000000
0.000000 0.000000 0.000000 1.000000
BoneName: mixamorig12:Spine_$AssimpFbx$_PreRotation
BoneIndex: 57
BoneParentIndex: 56
ChildIndicesCount: 1
58
1.000000 0.000000 -0.000000 0.000000
0.000000 0.994011 0.109278 0.000000
-0.000000 -0.109278 0.994011 -0.000000
0.000000 0.000000 -0.000000 1.000000
1.000000 0.000000 0.000000 0.000000
0.000000 1.000000 0.000000 0.000000
0.000000 0.000000 1.000000 0.000000
0.000000 0.000000 0.000000 1.000000
BoneName: mixamorig12:Spine_$AssimpFbx$_Rotation
BoneIndex: 58
BoneParentIndex: 57
ChildIndicesCount: 1
48
1.000000 0.000000 -0.000000 0.000000
0.000000 1.000000 -0.000000 0.000000
-0.000000 -0.000000 1.000000 -0.000000
0.000000 0.000000 -0.000000 1.000000
1.000000 0.000000 0.000000 0.000000
0.000000 1.000000 0.000000 0.000000
0.000000 0.000000 1.000000 0.000000
0.000000 0.000000 0.000000 1.000000
BoneName: mixamorig12:Neck_$AssimpFbx$_Translation
BoneIndex: 59
BoneParentIndex: 0
ChildIndicesCount: 1
60
1.000000 0.000000 -0.000000 0.000000
0.000000 1.000000 -0.000000 0.000000
-0.000000 -0.000000 1.000000 -0.000000
0.000000 1.516943 -0.000000 1.000000
1.000000 0.000000 0.000000 0.000000
0.000000 1.000000 0.000000 0.000000
0.000000 0.000000 1.000000 0.000000
0.000000 0.000000 0.000000 1.000000
BoneName: mixamorig12:Neck_$AssimpFbx$_PreRotation
BoneIndex: 60
BoneParentIndex: 59
ChildIndicesCount: 1
61
1.000000 0.000000 -0.000000 0.000000
0.000000 0.994011 -0.109279 0.000000
-0.000000 0.109279 0.994011 -0.000000
0.000000 0.000000 -0.000000 1.000000
1.000000 0.000000 0.000000 0.000000
0.000000 1.000000 0.000000 0.000000
0.000000 0.000000 1.000000 0.000000
0.000000 0.000000 0.000000 1.000000
BoneName: mixamorig12:Neck_$AssimpFbx$_Rotation
BoneIndex: 61
BoneParentIndex: 60
ChildIndicesCount: 1
1
1.000000 0.000000 -0.000000 0.000000
0.000000 1.000000 -0.000000 0.000000
-0.000000 -0.000000 1.000000 -0.000000
0.000000 0.000000 -0.000000 1.000000
1.000000 0.000000 0.000000 0.000000
0.000000 1.000000 0.000000 0.000000
0.000000 0.000000 1.000000 0.000000
0.000000 0.000000 0.000000 1.000000
BoneName: mixamorig12:LeftShoulder_$AssimpFbx$_Translation
BoneIndex: 62
BoneParentIndex: 0
ChildIndicesCount: 1
63
1.000000 0.000000 -0.000000 0.000000
0.000000 1.000000 -0.000000 0.000000
-0.000000 -0.000000 1.000000 -0.000000
0.705255 1.301543 0.025618 1.000000
1.000000 0.000000 0.000000 0.000000
0.000000 1.000000 0.000000 0.000000
0.000000 0.000000 1.000000 0.000000
0.000000 0.000000 0.000000 1.000000
BoneName: mixamorig12:LeftShoulder_$AssimpFbx$_PreRotation
BoneIndex: 63
BoneParentIndex: 62
ChildIndicesCount: 1
64
-0.036563 0.000143 0.999331 0.000000
0.955097 -0.294221 0.034986 0.000000
0.294030 0.955737 0.010621 -0.000000
0.000000 0.000000 -0.000000 1.000000
1.000000 0.000000 0.000000 0.000000
0.000000 1.000000 0.000000 0.000000
0.000000 0.000000 1.000000 0.000000
0.000000 0.000000 0.000000 1.000000
BoneName: mixamorig12:LeftShoulder_$AssimpFbx$_Rotation
BoneIndex: 64
BoneParentIndex: 63
ChildIndicesCount: 1
3
1.000000 0.000000 -0.000000 0.000000
0.000000 1.000000 -0.000000 0.000000
-0.000000 -0.000000 1.000000 -0.000000
0.000000 0.000000 -0.000000 1.000000
1.000000 0.000000 0.000000 0.000000
0.000000 1.000000 0.000000 0.000000
0.000000 0.000000 1.000000 0.000000
0.000000 0.000000 0.000000 1.000000
BoneName: mixamorig12:LeftArm_$AssimpFbx$_Translation
BoneIndex: 65
BoneParentIndex: 3
ChildIndicesCount: 1
66
1.000000 0.000000 -0.000000 0.000000
0.000000 1.000000 -0.000000 0.000000
-0.000000 -0.000000 1.000000 -0.000000
0.000000 1.467314 -0.000000 1.000000
1.000000 0.000000 0.000000 0.000000
0.000000 1.000000 0.000000 0.000000
0.000000 0.000000 1.000000 0.000000
0.000000 0.000000 0.000000 1.000000
BoneName: mixamorig12:LeftArm_$AssimpFbx$_PreRotation
BoneIndex: 66
BoneParentIndex: 65
ChildIndicesCount: 1
67
0.999679 -0.025334 0.000000 0.000000
0.024592 0.970399 0.240251 0.000000
-0.006087 -0.240174 0.970711 -0.000000
0.000000 0.000000 -0.000000 1.000000
1.000000 0.000000 0.000000 0.000000
0.000000 1.000000 0.000000 0.000000
0.000000 0.000000 1.000000 0.000000
0.000000 0.000000 0.000000 1.000000
BoneName: mixamorig12:LeftArm_$AssimpFbx$_Rotation
BoneIndex: 67
BoneParentIndex: 66
ChildIndicesCount: 1
4
1.000000 0.000000 -0.000000 0.000000
0.000000 1.000000 -0.000000 0.000000
-0.000000 -0.000000 1.000000 -0.000000
0.000000 0.000000 -0.000000 1.000000
1.000000 0.000000 0.000000 0.000000
0.000000 1.000000 0.000000 0.000000
0.000000 0.000000 1.000000 0.000000
0.000000 0.000000 0.000000 1.000000
BoneName: mixamorig12:LeftForeArm_$AssimpFbx$_Translation
BoneIndex: 68
BoneParentIndex: 4
ChildIndicesCount: 1
69
1.000000 0.000000 -0.000000 0.000000
0.000000 1.000000 -0.000000 0.000000
-0.000000 -0.000000 1.000000 -0.000000
0.000000 2.531466 -0.000000 1.000000
1.000000 0.000000 0.000000 0.000000
0.000000 1.000000 0.000000 0.000000
0.000000 0.000000 1.000000 0.000000
0.000000 0.000000 0.000000 1.000000
BoneName: mixamorig12:LeftForeArm_$AssimpFbx$_PreRotation
BoneIndex: 69
BoneParentIndex: 68
ChildIndicesCount: 1
70
0.993886 0.110409 -0.000000 0.000000
-0.109951 0.989762 0.091002 0.000000
0.010047 -0.090446 0.995851 -0.000000
0.000000 0.000000 -0.000000 1.000000
1.000000 0.000000 0.000000 0.000000
0.000000 1.000000 0.000000 0.000000
0.000000 0.000000 1.000000 0.000000
0.000000 0.000000 0.000000 1.000000
BoneName: mixamorig12:LeftForeArm_$AssimpFbx$_Rotation
BoneIndex: 70
BoneParentIndex: 69
ChildIndicesCount: 1
5
1.000000 0.000000 -0.000000 0.000000
0.000000 1.000000 -0.000000 0.000000
-0.000000 -0.000000 1.000000 -0.000000
0.000000 0.000000 -0.000000 1.000000
1.000000 0.000000 0.000000 0.000000
0.000000 1.000000 0.000000 0.000000
0.000000 0.000000 1.000000 0.000000
0.000000 0.000000 0.000000 1.000000
BoneName: mixamorig12:LeftHand_$AssimpFbx$_Translation
BoneIndex: 71
BoneParentIndex: 5
ChildIndicesCount: 1
72
1.000000 0.000000 -0.000000 0.000000
0.000000 1.000000 -0.000000 0.000000
-0.000000 -0.000000 1.000000 -0.000000
-0.000000 2.316633 0.000000 1.000000
1.000000 0.000000 0.000000 0.000000
0.000000 1.000000 0.000000 0.000000
0.000000 0.000000 1.000000 0.000000
0.000000 0.000000 0.000000 1.000000
BoneName: mixamorig12:LeftHand_$AssimpFbx$_PreRotation
BoneIndex: 72
BoneParentIndex: 71
ChildIndicesCount: 1
73
0.980073 0.037985 0.194971 0.000000
-0.012895 0.991641 -0.128377 0.000000
-0.198217 0.123305 0.972371 -0.000000
0.000000 0.000000 -0.000000 1.000000
1.000000 0.000000 0.000000 0.000000
0.000000 1.000000 0.000000 0.000000
0.000000 0.000000 1.000000 0.000000
0.000000 0.000000 0.000000 1.000000
BoneName: mixamorig12:LeftHand_$AssimpFbx$_Rotation
BoneIndex: 73
BoneParentIndex: 72
ChildIndicesCount: 1
6
1.000000 0.000000 -0.000000 0.000000
0.000000 1.000000 -0.000000 0.000000
-0.000000 -0.000000 1.000000 -0.000000
0.000000 0.000000 -0.000000 1.000000
1.000000 0.000000 0.000000 0.000000
0.000000 1.000000 0.000000 0.000000
0.000000 0.000000 1.000000 0.000000
0.000000 0.000000 0.000000 1.000000
BoneName: mixamorig12:LeftHandThumb1_$AssimpFbx$_Translation
BoneIndex: 74
BoneParentIndex: 6
ChildIndicesCount: 1
75
1.000000 0.000000 -0.000000 0.000000
0.000000 1.000000 -0.000000 0.000000
-0.000000 -0.000000 1.000000 -0.000000
-0.301767 0.321255 -0.147486 1.000000
1.000000 0.000000 0.000000 0.000000
0.000000 1.000000 0.000000 0.000000
0.000000 0.000000 1.000000 0.000000
0.000000 0.000000 0.000000 1.000000
BoneName: mixamorig12:LeftHandThumb1_$AssimpFbx$_PreRotation
BoneIndex: 75
BoneParentIndex: 74
ChildIndicesCount: 1
76
0.848895 0.528561 0.000000 0.000000
-0.500239 0.803409 -0.322947 0.000000
-0.170697 0.274148 0.946417 -0.000000
0.000000 0.000000 -0.000000 1.000000
1.000000 0.000000 0.000000 0.000000
0.000000 1.000000 0.000000 0.000000
0.000000 0.000000 1.000000 0.000000
0.000000 0.000000 0.000000 1.000000
BoneName: mixamorig12:LeftHandThumb1_$AssimpFbx$_Rotation
BoneIndex: 76
BoneParentIndex: 75
ChildIndicesCount: 1
7
1.000000 0.000000 -0.000000 0.000000
0.000000 1.000000 -0.000000 0.000000
-0.000000 -0.000000 1.000000 -0.000000
0.000000 0.000000 -0.000000 1.000000
1.000000 0.000000 0.000000 0.000000
0.000000 1.000000 0.000000 0.000000
0.000000 0.000000 1.000000 0.000000
0.000000 0.000000 0.000000 1.000000
BoneName: mixamorig12:LeftHandThumb2_$AssimpFbx$_Translation
BoneIndex: 77
BoneParentIndex: 7
ChildIndicesCount: 1
78
1.000000 0.000000 -0.000000 0.000000
0.000000 1.000000 -0.000000 0.000000
-0.000000 -0.000000 1.000000 -0.000000
-0.069092 0.365348 -0.000000 1.000000
1.000000 0.000000 0.000000 0.000000
0.000000 1.000000 0.000000 0.000000
0.000000 0.000000 1.000000 0.000000
0.000000 0.000000 0.000000 1.000000
BoneName: mixamorig12:LeftHandThumb2_$AssimpFbx$_PreRotation
BoneIndex: 78
BoneParentIndex: 77
ChildIndicesCount: 1
79
1.000000 0.000000 -0.000000 0.000000
0.000000 0.997544 -0.070038 0.000000
-0.000000 0.070038 0.997544 -0.000000
0.000000 0.000000 -0.000000 1.000000
1.000000 0.000000 0.000000 0.000000
0.000000 1.000000 0.000000 0.000000
0.000000 0.000000 1.000000 0.000000
0.000000 0.000000 0.000000 1.000000
BoneName: mixamorig12:LeftHandThumb2_$AssimpFbx$_Rotation
BoneIndex: 79
BoneParentIndex: 78
ChildIndicesCount: 1
8
1.000000 0.000000 -0.000000 0.000000
0.000000 1.000000 -0.000000 0.000000
-0.000000 -0.000000 1.000000 -0.000000
0.000000 0.000000 -0.000000 1.000000
1.000000 0.000000 0.000000 0.000000
0.000000 1.000000 0.000000 0.000000
0.000000 0.000000 1.000000 0.000000
0.000000 0.000000 0.000000 1.000000
BoneName: mixamorig12:LeftHandThumb3_$AssimpFbx$_Translation
BoneIndex: 80
BoneParentIndex: 8
ChildIndicesCount: 1
81
1.000000 0.000000 -0.000000 0.000000
0.000000 1.000000 -0.000000 0.000000
-0.000000 -0.000000 1.000000 -0.000000
0.010839 0.329274 0.000000 1.000000
1.000000 0.000000 0.000000 0.000000
0.000000 1.000000 0.000000 0.000000
0.000000 0.000000 1.000000 0.000000
0.000000 0.000000 0.000000 1.000000
BoneName: mixamorig12:LeftHandThumb3_$AssimpFbx$_PreRotation
BoneIndex: 81
BoneParentIndex: 80
ChildIndicesCount: 1
82
1.000000 0.000000 -0.000000 0.000000
0.000000 0.996597 0.082428 0.000000
-0.000000 -0.082428 0.996597 -0.000000
0.000000 0.000000 -0.000000 1.000000
1.000000 0.000000 0.000000 0.000000
0.000000 1.000000 0.000000 0.000000
0.000000 0.000000 1.000000 0.000000
0.000000 0.000000 0.000000 1.000000
BoneName: mixamorig12:LeftHandThumb3_$AssimpFbx$_Rotation
BoneIndex: 82
BoneParentIndex: 81
ChildIndicesCount: 1
9
1.000000 0.000000 -0.000000 0.000000
0.000000 1.000000 -0.000000 0.000000
-0.000000 -0.000000 1.000000 -0.000000
0.000000 0.000000 -0.000000 1.000000
1.000000 0.000000 0.000000 0.000000
0.000000 1.000000 0.000000 0.000000
0.000000 0.000000 1.000000 0.000000
0.000000 0.000000 0.000000 1.000000
BoneName: mixamorig12:LeftHandThumb4
BoneIndex: 83
BoneParentIndex: 9
ChildIndicesCount: 0
1.000000 0.000000 -0.000000 0.000000
0.000000 1.000000 -0.000000 0.000000
-0.000000 -0.000000 1.000000 -0.000000
0.058253 0.258524 -0.000000 1.000000
1.000000 0.000000 0.000000 0.000000
0.000000 1.000000 0.000000 0.000000
0.000000 0.000000 1.000000 0.000000
0.000000 0.000000 0.000000 1.000000
BoneName: mixamorig12:LeftHandIndex1_$AssimpFbx$_Translation
BoneIndex: 84
BoneParentIndex: 6
ChildIndicesCount: 1
85
1.000000 0.000000 -0.000000 0.000000
0.000000 1.000000 -0.000000 0.000000
-0.000000 -0.000000 1.000000 -0.000000
-0.350114 0.986443 -0.021604 1.000000
1.000000 0.000000 0.000000 0.000000
0.000000 1.000000 0.000000 0.000000
0.000000 0.000000 1.000000 0.000000
0.000000 0.000000 0.000000 1.000000
BoneName: mixamorig12:LeftHandIndex1_$AssimpFbx$_PreRotation
BoneIndex: 85
BoneParentIndex: 84
ChildIndicesCount: 1
86
0.991047 0.133514 0.000000 0.000000
-0.133514 0.991046 -0.001594 0.000000
-0.000213 0.001580 0.999999 -0.000000
0.000000 0.000000 -0.000000 1.000000
1.000000 0.000000 0.000000 0.000000
0.000000 1.000000 0.000000 0.000000
0.000000 0.000000 1.000000 0.000000
0.000000 0.000000 0.000000 1.000000
BoneName: mixamorig12:LeftHandIndex1_$AssimpFbx$_Rotation
BoneIndex: 86
BoneParentIndex: 85
ChildIndicesCount: 1
10
1.000000 0.000000 -0.000000 0.000000
0.000000 1.000000 -0.000000 0.000000
-0.000000 -0.000000 1.000000 -0.000000
0.000000 0.000000 -0.000000 1.000000
1.000000 0.000000 0.000000 0.000000
0.000000 1.000000 0.000000 0.000000
0.000000 0.000000 1.000000 0.000000
0.000000 0.000000 0.000000 1.000000
BoneName: mixamorig12:LeftHandIndex2_$AssimpFbx$_Translation
BoneIndex: 87
BoneParentIndex: 10
ChildIndicesCount: 1
88
1.000000 0.000000 -0.000000 0.000000
0.000000 1.000000 -0.000000 0.000000
-0.000000 -0.000000 1.000000 -0.000000
0.001638 0.330515 0.000000 1.000000
1.000000 0.000000 0.000000 0.000000
0.000000 1.000000 0.000000 0.000000
0.000000 0.000000 1.000000 0.000000
0.000000 0.000000 0.000000 1.000000
BoneName: mixamorig12:LeftHandIndex2_$AssimpFbx$_PreRotation
BoneIndex: 88
BoneParentIndex: 87
ChildIndicesCount: 1
89
1.000000 0.000000 -0.000000 0.000000
0.000000 0.986272 -0.165128 0.000000
-0.000000 0.165128 0.986272 -0.000000
0.000000 0.000000 -0.000000 1.000000
1.000000 0.000000 0.000000 0.000000
0.000000 1.000000 0.000000 0.000000
0.000000 0.000000 1.000000 0.000000
0.000000 0.000000 0.000000 1.000000
BoneName: mixamorig12:LeftHandIndex2_$AssimpFbx$_Rotation
BoneIndex: 89
BoneParentIndex: 88
ChildIndicesCount: 1
11
1.000000 0.000000 -0.000000 0.000000
0.000000 1.000000 -0.000000 0.000000
-0.000000 -0.000000 1.000000 -0.000000
0.000000 0.000000 -0.000000 1.000000
1.000000 0.000000 0.000000 0.000000
0.000000 1.000000 0.000000 0.000000
0.000000 0.000000 1.000000 0.000000
0.000000 0.000000 0.000000 1.000000
BoneName: mixamorig12:LeftHandIndex3_$AssimpFbx$_Translation
BoneIndex: 90
BoneParentIndex: 11
ChildIndicesCount: 1
91
1.000000 0.000000 -0.000000 0.000000
0.000000 1.000000 -0.000000 0.000000
-0.000000 -0.000000 1.000000 -0.000000
-0.001464 0.310986 -0.000000 1.000000
1.000000 0.000000 0.000000 0.000000
0.000000 1.000000 0.000000 0.000000
0.000000 0.000000 1.000000 0.000000
0.000000 0.000000 0.000000 1.000000
BoneName: mixamorig12:LeftHandIndex3_$AssimpFbx$_PreRotation
BoneIndex: 91
BoneParentIndex: 90
ChildIndicesCount: 1
92
1.000000 0.000000 -0.000000 0.000000
0.000000 0.997549 0.069965 0.000000
-0.000000 -0.069965 0.997549 -0.000000
0.000000 0.000000 -0.000000 1.000000
1.000000 0.000000 0.000000 0.000000
0.000000 1.000000 0.000000 0.000000
0.000000 0.000000 1.000000 0.000000
0.000000 0.000000 0.000000 1.000000
BoneName: mixamorig12:LeftHandIndex3_$AssimpFbx$_Rotation
BoneIndex: 92
BoneParentIndex: 91
ChildIndicesCount: 1
12
1.000000 0.000000 -0.000000 0.000000
0.000000 1.000000 -0.000000 0.000000
-0.000000 -0.000000 1.000000 -0.000000
0.000000 0.000000 -0.000000 1.000000
1.000000 0.000000 0.000000 0.000000
0.000000 1.000000 0.000000 0.000000
0.000000 0.000000 1.000000 0.000000
0.000000 0.000000 0.000000 1.000000
BoneName: mixamorig12:LeftHandIndex4
BoneIndex: 93
BoneParentIndex: 12
ChildIndicesCount: 0
1.000000 0.000000 -0.000000 0.000000
0.000000 1.000000 -0.000000 0.000000
-0.000000 -0.000000 1.000000 -0.000000
-0.000174 0.270466 0.000000 1.000000
1.000000 0.000000 0.000000 0.000000
0.000000 1.000000 0.000000 0.000000
0.000000 0.000000 1.000000 0.000000
0.000000 0.000000 0.000000 1.000000
BoneName: mixamorig12:LeftHandMiddle1_$AssimpFbx$_Translation
BoneIndex: 94
BoneParentIndex: 6
ChildIndicesCount: 1
95
1.000000 0.000000 -0.000000 0.000000
0.000000 1.000000 -0.000000 0.000000
-0.000000 -0.000000 1.000000 -0.000000
-0.104260 1.018069 0.034059 1.000000
1.000000 0.000000 0.000000 0.000000
0.000000 1.000000 0.000000 0.000000
0.000000 0.000000 1.000000 0.000000
0.000000 0.000000 0.000000 1.000000
BoneName: mixamorig12:LeftHandMiddle1_$AssimpFbx$_PreRotation
BoneIndex: 95
BoneParentIndex: 94
ChildIndicesCount: 1
96
0.999958 0.009202 -0.000000 0.000000
-0.009184 0.998048 -0.061771 0.000000
-0.000568 0.061768 0.998090 -0.000000
0.000000 0.000000 -0.000000 1.000000
1.000000 0.000000 0.000000 0.000000
0.000000 1.000000 0.000000 0.000000
0.000000 0.000000 1.000000 0.000000
0.000000 0.000000 0.000000 1.000000
BoneName: mixamorig12:LeftHandMiddle1_$AssimpFbx$_Rotation
BoneIndex: 96
BoneParentIndex: 95
ChildIndicesCount: 1
13
1.000000 0.000000 -0.000000 0.000000
0.000000 1.000000 -0.000000 0.000000
-0.000000 -0.000000 1.000000 -0.000000
0.000000 0.000000 -0.000000 1.000000
1.000000 0.000000 0.000000 0.000000
0.000000 1.000000 0.000000 0.000000
0.000000 0.000000 1.000000 0.000000
0.000000 0.000000 0.000000 1.000000
BoneName: mixamorig12:LeftHandMiddle2_$AssimpFbx$_Translation
BoneIndex: 97
BoneParentIndex: 13
ChildIndicesCount: 1
98
1.000000 0.000000 -0.000000 0.000000
0.000000 1.000000 -0.000000 0.000000
-0.000000 -0.000000 1.000000 -0.000000
0.000758 0.349710 0.000000 1.000000
1.000000 0.000000 0.000000 0.000000
0.000000 1.000000 0.000000 0.000000
0.000000 0.000000 1.000000 0.000000
0.000000 0.000000 0.000000 1.000000
BoneName: mixamorig12:LeftHandMiddle2_$AssimpFbx$_PreRotation
BoneIndex: 98
BoneParentIndex: 97
ChildIndicesCount: 1
99
1.000000 0.000000 -0.000000 0.000000
0.000000 0.991223 -0.132199 0.000000
-0.000000 0.132199 0.991223 -0.000000
0.000000 0.000000 -0.000000 1.000000
1.000000 0.000000 0.000000 0.000000
0.000000 1.000000 0.000000 0.000000
0.000000 0.000000 1.000000 0.000000
0.000000 0.000000 0.000000 1.000000
BoneName: mixamorig12:LeftHandMiddle2_$AssimpFbx$_Rotation
BoneIndex: 99
BoneParentIndex: 98
ChildIndicesCount: 1
14
1.000000 0.000000 -0.000000 0.000000
0.000000 1.000000 -0.000000 0.000000
-0.000000 -0.000000 1.000000 -0.000000
